1.jpg;581;490;600;507;21
1.jpg;886;483;900;497;21
10.jpg;801;493;822;514;27
10.jpg;1157;477;1180;499;27
100.jpg;638;421;676;458;45
100.jpg;760;415;775;429;21
101.jpg;356;350;408;403;21
102.jpg;633;390;665;420;33
103.jpg;1026;369;1068;415;48
103.jpg;1025;420;1067;466;61
103.jpg;721;439;741;458;20
104.jpg;660;409;677;433;0
105.jpg;272;392;327;456;0
106.jpg;787;411;799;427;0
107.jpg;406;562;473;619;61
107.jpg;563;515;610;560;61
107.jpg;566;469;614;511;48
107.jpg;767;462;786;480;47
108.jpg;676;466;710;497;47
109.jpg;733;495;759;518;1
11.jpg;538;408;568;435;58
110.jpg;326;517;382;561;1
111.jpg;1160;441;1200;491;56
112.jpg;1496;446;1536;486;48
112.jpg;1497;490;1537;532;61
113.jpg;794;451;825;482;33
113.jpg;1052;442;1070;460;2
114.jpg;626;410;705;489;33
114.jpg;1123;427;1151;454;2
114.jpg;1011;469;1023;480;2
115.jpg;1036;463;1050;477;2
115.jpg;1307;375;1359;428;2
116.jpg;847;467;870;490;56
117.jpg;428;374;544;513;56
117.jpg;712;452;734;473;19
118.jpg;240;417;307;484;19
118.jpg;685;457;711;480;1
119.jpg;446;416;471;444;30
119.jpg;631;439;665;471;1
119.jpg;845;431;856;442;1
12.jpg;511;404;567;454;58
120.jpg;589;433;625;471;38
121.jpg;733;317;753;336;30
122.jpg;1150;491;1168;515;2
123.jpg;1348;537;1385;593;2
123.jpg;1019;462;1036;479;61
124.jpg;787;430;813;457;10
124.jpg;1024;429;1042;447;10
124.jpg;1029;468;1052;490;61
125.jpg;601;389;647;438;29
125.jpg;729;361;760;390;59
126.jpg;492;341;586;422;59
127.jpg;766;330;787;351;36
128.jpg;728;319;761;352;54
129.jpg;471;282;538;349;54
13.jpg;642;438;677;469;35
130.jpg;497;460;582;546;37
130.jpg;571;424;662;506;43
131.jpg;709;379;774;458;36
131.jpg;836;194;892;253;26
132.jpg;1488;321;1539;362;9
133.jpg;595;402;628;432;43
134.jpg;447;247;525;317;43
134.jpg;1192;246;1222;275;37
134.jpg;730;277;746;299;28
135.jpg;301;253;373;318;44
135.jpg;312;332;383;390;18
136.jpg;570;411;614;450;43
136.jpg;718;411;739;431;36
137.jpg;654;403;691;438;43
138.jpg;1351;588;1415;656;33
138.jpg;1294;486;1345;537;48
138.jpg;1294;543;1345;595;61
138.jpg;1164;309;1194;339;15
139.jpg;791;276;826;309;15
139.jpg;780;501;831;549;61
139.jpg;778;446;831;495;48
14.jpg;626;389;658;422;35
140.jpg;743;491;766;514;56
140.jpg;1093;515;1110;536;33
141.jpg;370;472;420;528;56
141.jpg;1140;516;1191;570;33
142.jpg;636;333;672;367;1
142.jpg;1172;310;1196;330;2
143.jpg;1268;492;1299;521;2
143.jpg;152;619;259;713;1
144.jpg;1293;405;1332;440;30
145.jpg;717;440;752;474;46
146.jpg;1558;490;1627;551;47
146.jpg;1033;289;1065;318;15
147.jpg;1210;551;1225;574;0
148.jpg;1358;537;1384;576;0
149.jpg;1473;426;1501;455;23
15.jpg;647;425;673;448;34
150.jpg;677;480;699;501;47
151.jpg;1236;460;1252;477;23
152.jpg;1314;469;1339;492;23
153.jpg;1305;376;1330;397;23
154.jpg;1499;319;1557;358;23
155.jpg;800;399;831;429;59
156.jpg;497;400;541;435;43
156.jpg;504;451;538;477;28
156.jpg;800;497;824;522;61
157.jpg;347;349;412;396;47
16.jpg;615;446;630;460;25
16.jpg;847;441;859;453;25
17.jpg;621;330;641;348;2
18.jpg;584;421;610;446;2
19.jpg;1176;434;1192;449;33
19.jpg;895;443;910;458;33
2.jpg;574;440;598;460;27
2.jpg;882;457;897;473;27
20.jpg;1527;345;1573;392;9
20.jpg;730;384;749;400;39
20.jpg;816;400;827;410;61
21.jpg;635;375;686;421;39
21.jpg;825;420;839;433;61
22.jpg;1050;417;1074;442;61
23.jpg;653;410;669;425;21
24.jpg;539;433;567;458;21
25.jpg;632;444;649;458;1
26.jpg;1098;419;1117;457;9
26.jpg;788;445;797;453;34
26.jpg;804;465;809;469;1
27.jpg;631;526;652;544;1
27.jpg;595;462;626;489;34
28.jpg;350;391;419;446;34
28.jpg;366;523;421;566;1
28.jpg;1399;377;1493;473;9
29.jpg;645;457;666;476;45
29.jpg;967;447;981;462;45
3.jpg;761;449;772;458;61
30.jpg;576;490;609;522;45
30.jpg;1070;473;1092;497;45
31.jpg;572;470;602;498;25
31.jpg;995;463;1016;483;25
32.jpg;354;459;414;514;25
32.jpg;1197;445;1235;486;25
33.jpg;835;507;844;516;25
34.jpg;573;490;595;508;25
35.jpg;365;420;404;453;25
36.jpg;741;367;760;385;34
37.jpg;624;415;658;447;34
38.jpg;651;454;671;472;34
39.jpg;810;470;825;485;33
39.jpg;1095;452;1110;468;33
4.jpg;818;260;835;278;15
40.jpg;597;487;638;527;33
40.jpg;1244;442;1282;480;33
40.jpg;833;458;848;473;25
40.jpg;1051;448;1066;463;25
41.jpg;624;448;660;486;25
41.jpg;1183;425;1217;459;25
42.jpg;449;419;499;477;25
42.jpg;1291;388;1335;439;25
43.jpg;666;420;689;441;45
44.jpg;482;414;526;453;45
45.jpg;482;370;540;426;35
46.jpg;699;400;731;428;35
47.jpg;564;388;608;430;58
48.jpg;699;440;721;460;58
49.jpg;611;411;635;432;35
5.jpg;580;436;599;452;33
5.jpg;882;415;895;429;33
50.jpg;495;415;544;452;35
51.jpg;683;450;697;464;25
51.jpg;895;444;908;457;25
52.jpg;591;432;617;455;25
52.jpg;968;421;990;444;25
53.jpg;434;435;479;477;25
53.jpg;1076;419;1108;453;25
54.jpg;901;302;933;334;15
55.jpg;705;443;725;463;21
56.jpg;989;338;1009;358;60
57.jpg;636;391;687;439;60
58.jpg;841;435;861;455;60
59.jpg;605;466;643;504;60
6.jpg;437;304;476;341;25
6.jpg;915;296;939;321;25
60.jpg;529;405;570;443;45
61.jpg;715;461;731;476;45
62.jpg;782;464;808;490;60
63.jpg;650;416;708;473;60
64.jpg;985;530;1000;544;21
65.jpg;1236;524;1258;546;21
66.jpg;1767;468;1854;543;21
67.jpg;514;469;581;520;40
68.jpg;698;526;726;550;40
69.jpg;758;442;777;461;18
70.jpg;549;437;582;469;18
71.jpg;184;476;268;547;5
72.jpg;515;493;557;541;62
72.jpg;1291;503;1352;569;63
73.jpg;999;412;1031;446;48
73.jpg;998;450;1031;483;61
73.jpg;748;442;759;457;0
73.jpg;819;436;828;444;47
74.jpg;542;528;575;560;47
75.jpg;1000;453;1027;494;0
75.jpg;943;499;964;520;61
75.jpg;945;481;962;498;13
76.jpg;1387;280;1497;464;0
76.jpg;995;415;1026;445;13
76.jpg;991;446;1030;483;61
77.jpg;950;441;969;460;56
78.jpg;882;483;911;510;56
79.jpg;847;494;884;530;56
8.jpg;979;516;992;529;45
80.jpg;664;511;689;536;23
81.jpg;1295;483;1336;525;23
82.jpg;975;343;1007;374;15
83.jpg;721;534;746;560;23
83.jpg;1257;518;1286;544;23
84.jpg;1109;544;1126;560;23
85.jpg;1332;466;1369;504;23
86.jpg;747;530;772;554;56
87.jpg;650;519;686;553;56
88.jpg;479;592;505;613;61
88.jpg;517;572;535;587;61
88.jpg;518;552;537;569;48
88.jpg;601;534;616;546;34
88.jpg;425;544;440;556;45
89.jpg;148;572;180;594;45
89.jpg;524;555;548;575;34
89.jpg;791;567;807;582;23
9.jpg;495;380;541;421;35
90.jpg;1571;447;1645;537;23
90.jpg;657;479;696;515;34
91.jpg;257;382;375;483;34
91.jpg;459;492;476;507;47
92.jpg;584;429;608;453;29
92.jpg;919;270;951;302;15
93.jpg;380;316;421;371;0
93.jpg;757;422;780;443;21
94.jpg;500;367;564;430;21
95.jpg;748;479;769;499;56
96.jpg;622;500;662;538;56
97.jpg;888;549;900;561;52
98.jpg;745;446;775;474;52
99.jpg;448;391;524;456;52
DSC-0101.JPG;1073;1062;1156;1145;36
DSC-0102.JPG;382;988;458;1078;48
DSC-0102.JPG;372;1082;452;1171;61
DSC-0102.JPG;1352;1079;1388;1114;30
DSC-0102.JPG;1518;1002;1577;1054;30
DSC-0106.JPG;1089;1273;1143;1325;42
DSC-0106.JPG;1540;1268;1586;1312;42
DSC-0106.JPG;1627;1275;1687;1334;48
DSC-0106.JPG;1626;1336;1687;1397;61
DSC-0106.JPG;1513;1133;1549;1169;15
DSC-0107.JPG;1026;769;1092;835;15
DSC-0107.JPG;970;924;1117;1071;48
DSC-0107.JPG;962;1081;1108;1224;61
DSC-0108.JPG;2826;1090;2918;1180;19
DSC-0108.JPG;1840;1251;1874;1291;1
DSC-0108.JPG;1765;1323;1810;1364;1
DSC-0109.JPG;813;1184;1021;1361;1
DSC-0109.JPG;1383;1008;1488;1122;1
DSC-0109.JPG;1951;1175;1982;1207;36
DSC-0109.JPG;2474;1241;2545;1310;2
DSC-0119.JPG;1067;1116;1135;1180;32
DSC-0120.JPG;1585;1035;1609;1061;32
DSC-0122.JPG;1275;1107;1312;1143;51
DSC-0122.JPG;1330;1108;1369;1143;47
DSC-0123.JPG;1170;1026;1229;1080;47
DSC-0123.JPG;1049;1016;1104;1070;51
DSC-0124.JPG;484;874;619;999;51
DSC-0124.JPG;1042;949;1150;1054;47
DSC-0125.JPG;1375;985;1422;1032;43
DSC-0126.JPG;1171;1175;1271;1273;43
DSC-0129.JPG;1413;1153;1491;1230;37
DSC-0129.JPG;1617;1191;1643;1217;29
DSC-0129.JPG;1624;1214;1652;1243;36
DSC-0130.JPG;808;989;982;1151;37
DSC-0130.JPG;1417;1151;1458;1193;36
DSC-0130.JPG;1387;1116;1426;1155;29
DSC-0134.JPG;2542;987;2592;1032;30
DSC-0134.JPG;1897;1083;1951;1139;61
DSC-0134.JPG;1894;1022;1949;1078;48
DSC-0135.JPG;2054;829;2161;933;48
DSC-0135.JPG;2062;937;2162;1044;61
DSC-0137.JPG;1472;1049;1503;1080;51
DSC-0138.JPG;1377;979;1423;1025;51
DSC-0139.JPG;815;830;937;942;51
DSC-0140.JPG;1573;926;1628;981;44
DSC-0142.JPG;1667;1127;1684;1143;61
DSC-0142.JPG;1667;1107;1685;1125;48
DSC-0142.JPG;2035;1036;2088;1090;48
DSC-0142.JPG;2039;987;2079;1027;2
DSC-0143.JPG;2620;765;2686;828;2
DSC-0143.JPG;2608;841;2696;924;48
DSC-0143.JPG;1760;922;1794;953;43
DSC-0144.JPG;1352;970;1395;1012;43
DSC-0144.JPG;1721;982;1743;1003;48
DSC-0144.JPG;2769;658;2943;831;48
DSC-0144.JPG;2779;503;2909;630;2
DSC-0145.JPG;1394;865;1449;920;43
DSC-0145.JPG;1870;907;1896;933;48
DSC-0145.JPG;1869;935;1895;961;61
DSC-0145.JPG;2022;838;2040;856;15
DSC-0146.JPG;1960;815;1989;844;15
DSC-0146.JPG;1707;896;1753;942;48
DSC-0146.JPG;1706;946;1752;992;61
DSC-0147.JPG;1371;869;1452;950;61
DSC-0147.JPG;1369;778;1451;860;48
DSC-0147.JPG;1794;689;1835;729;15
DSC-0147.JPG;1532;895;1558;928;43
DSC-0148.JPG;1513;1077;1561;1123;43
DSC-0148.JPG;412;792;711;1068;61
DSC-0148.JPG;442;499;745;768;48
DSC-0148.JPG;1914;768;1979;831;15
DSC-0150.JPG;1390;1092;1430;1132;54
DSC-0151.JPG;1288;953;1359;1022;54
DSC-0152.JPG;1171;974;1243;1046;44
DSC-0152.JPG;2188;1118;2220;1167;0
DSC-0153.JPG;2142;1076;2181;1135;0
DSC-0153.JPG;576;852;688;965;44
DSC-0325.JPG;1366;937;1467;1041;35
DSC-0326.JPG;928;747;1125;935;58
DSC-0328.JPG;1098;898;1262;1052;58
DSC-0329.JPG;952;999;1034;1081;25
DSC-0330.JPG;1269;869;1395;994;35
DSC-0331.JPG;865;1015;983;1128;45
DSC-0332.JPG;685;1111;818;1243;61
DSC-0333.JPG;3213;639;3453;879;25
P1830919.JPG;956;979;1121;1147;37
P1830920.JPG;1805;1401;1884;1481;61
P1830921.JPG;2635;1692;2811;1869;61
P1830923.JPG;1701;1362;1816;1466;30
P1830924.JPG;1809;1620;1825;1635;61
P1830924.JPG;1811;1603;1825;1617;48
P1830924.JPG;1829;1535;1850;1556;14
P1830924.JPG;2009;1535;2030;1556;14
P1830925.JPG;2082;1635;2108;1661;14
P1830925.JPG;2049;1737;2067;1755;61
P1830925.JPG;2051;1714;2068;1731;48
P1830926.JPG;2096;1592;2125;1621;48
P1830926.JPG;2096;1628;2125;1657;61
P1830926.JPG;2156;1481;2194;1520;14
P1830926.JPG;2470;1474;2509;1513;14
P1830927.JPG;1971;1378;2067;1474;14
P1830927.JPG;2760;1366;2857;1463;14
P1830927.JPG;1546;1692;1671;1816;61
P1830927.JPG;1547;1550;1672;1675;48
P1830928.JPG;1730;1435;1782;1488;23
P1830929.JPG;1400;1302;1499;1401;23
P1830930.JPG;1671;1424;1725;1476;23
P1830931.JPG;788;1440;896;1543;23
P1830931.JPG;1896;1205;1949;1257;15
P1830932.JPG;1866;1780;1899;1813;61
P1830932.JPG;1866;1742;1899;1775;48
P1830933.JPG;1825;1621;1868;1663;48
P1830933.JPG;1826;1670;1866;1710;61
P1830934.JPG;1677;1642;1736;1701;61
P1830934.JPG;1678;1576;1735;1633;48
P1830935.JPG;1565;1594;1657;1685;56
P1830935.JPG;2505;1577;2535;1605;14
P1830936.JPG;2490;1605;2527;1641;14
P1830936.JPG;1047;1488;1198;1635;56
P1830937.JPG;2487;1490;2538;1539;14
P1830938.JPG;2416;1079;2533;1196;14
P1830939.JPG;3980;1099;4126;1245;15
P1830940.JPG;2126;1655;2203;1747;61
P1830940.JPG;2120;1554;2203;1645;48
P1830940.JPG;2556;1539;2578;1565;15
P1830940.JPG;387;1575;436;1626;12
P1830941.JPG;2068;1537;2170;1639;56
P1830942.JPG;744;541;1216;1013;56
P1830942.JPG;2367;1123;2407;1160;15
P1830942.JPG;2022;1329;2053;1359;23
P1830943.JPG;1862;1161;1902;1201;23
P1830943.JPG;2302;817;2362;878;15
P1830944.JPG;2178;1485;2239;1546;23
P1830944.JPG;2793;631;2931;770;15
P1830945.JPG;2395;1187;2489;1279;23
P1830946.JPG;3346;947;3489;1090;23
P1830947.JPG;1603;1203;1702;1302;19
P1830947.JPG;1716;1314;1789;1392;33
P1830948.JPG;1762;1154;1853;1245;33
P1830948.JPG;1592;1009;1713;1130;19
P1830948.JPG;3141;711;3233;805;15
P1830949.JPG;1009;712;1250;951;19
P1830949.JPG;3788;502;3928;643;15
P1830949.JPG;1692;1119;1832;1261;33
P1830950.JPG;1;1;395;409;19
P1830950.JPG;1536;866;1720;1050;33
P1830950.JPG;4189;147;4366;320;15
P1830951.JPG;3845;857;4079;1091;53
P1830952.JPG;1924;1346;2013;1435;61
P1830952.JPG;1940;1249;2005;1337;48
P1830952.JPG;2324;1254;2369;1300;23
P1830953.JPG;2243;1346;2294;1397;23
P1830953.JPG;1704;1437;1820;1552;61
P1830953.JPG;1725;1312;1812;1426;48
P1830954.JPG;1594;1211;1793;1410;61
P1830954.JPG;1623;1000;1782;1198;48
P1830954.JPG;2579;1155;2643;1219;23
P1830955.JPG;2718;1079;2791;1152;23
P1830955.JPG;1261;1062;1557;1357;61
P1830955.JPG;1305;747;1543;1040;48
P1830955.JPG;1194;1350;1222;1378;48
P1830955.JPG;1194;1385;1223;1414;61
P1830956.JPG;4028;947;4229;1148;23
P1830957.JPG;2100;1498;2150;1544;30
P1830957.JPG;1345;1334;1661;1658;56
P1830958.JPG;1349;1369;1516;1517;30
P1830959.JPG;458;781;741;1032;30
P1830960.JPG;325;1837;416;1925;61
P1830960.JPG;325;1746;412;1829;48
P1830961.JPG;705;1532;839;1668;48
P1830961.JPG;712;1678;844;1813;61
P1830962.JPG;2422;1668;2564;1810;53
P1830963.JPG;50;2090;249;2285;61
P1830963.JPG;47;1874;247;2071;48
P1830964.JPG;2667;703;2803;839;15
P1830965.JPG;663;1586;764;1668;48
P1830965.JPG;3229;1304;3386;1461;20
P1830966.JPG;1875;1769;2054;1947;61
P1830966.JPG;1880;1574;2056;1755;48
P1830966.JPG;496;1721;566;1825;0
P1830967.JPG;634;1622;709;1740;0
P1830967.JPG;2361;1593;2605;1837;61
P1830967.JPG;2362;1324;2608;1574;48
P1830968.JPG;889;1534;1017;1731;0
P1830969.JPG;3042;1538;3087;1609;0
P1830969.JPG;1280;1600;1357;1677;61
P1830969.JPG;2667;1244;2722;1295;15
P1830969.JPG;1934;1388;1965;1419;29
P1830970.JPG;2979;1473;3050;1544;15
P1830970.JPG;1065;1907;1183;2024;61
P1830970.JPG;3546;1856;3610;1953;0
P1830970.JPG;2026;1644;2066;1684;29
P1830970.JPG;643;1956;687;2021;38
P1830971.JPG;2864;1302;3309;1748;61
P1830972.JPG;1;792;235;1120;30
P1830973.JPG;95;1025;469;1419;47
P1830974.JPG;1337;1580;1543;1787;61
P1830974.JPG;3039;939;3138;1056;15
P1830975.JPG;1155;1349;1385;1540;20
P1830975.JPG;1167;1136;1381;1362;29
P1830975.JPG;2635;1749;2690;1801;15
P1830975.JPG;2178;1988;2225;2031;30
P1830976.JPG;609;1187;811;1362;30
P1830976.JPG;793;508;900;651;29
P1830977.JPG;645;1074;826;1352;9
P1830978.JPG;1224;1460;1482;1714;29
P1830979.JPG;2649;1891;2765;2007;9
P1830979.JPG;3200;1204;3717;1721;9
P1830980.JPG;151;865;418;1126;9
P1830980.JPG;4062;850;4304;1096;5
P1830981.JPG;1366;712;1746;1173;13
P1830981.JPG;2301;1662;2392;1752;19
P1830982.JPG;686;1287;851;1450;19
P1830982.JPG;1679;1535;1731;1589;5
P1830982.JPG;2670;1517;2706;1569;13
P1830983.JPG;581;1232;713;1372;5
P1830983.JPG;2887;1299;2971;1409;13
P1830984.JPG;3674;1382;3807;1551;13
P1830985.JPG;786;1321;1005;1537;59
P1830986.JPG;160;1126;465;1423;59
P1830987.JPG;272;898;545;1292;52
P1830988.JPG;77;864;502;1427;52
P1830989.JPG;2992;1844;3131;1982;2
P1830990.JPG;3147;1846;3347;2046;2
P1830991.JPG;3542;1613;3881;1948;2
P1830992.JPG;2360;1415;2476;1532;47
P1830993.JPG;1547;1402;1699;1556;47
P1830993.JPG;2003;1712;2071;1781;43
P1830994.JPG;1666;1637;1748;1719;43
P1830994.JPG;665;1039;936;1304;47
P1830995.JPG;80;727;830;1458;43
P1830995.JPG;2644;1894;2698;1951;18
P1830996.JPG;1224;1450;1338;1579;5
P1830997.JPG;922;1028;1088;1217;5
P1830998.JPG;425;784;673;1071;5
P1830999.JPG;93;772;453;1147;29
P1840001.JPG;893;1431;1027;1564;6
P1840002.JPG;188;1458;410;1676;6
P1840002.JPG;1298;1891;1369;1980;29
P1840003.JPG;422;663;761;1033;42
P1840004.JPG;129;366;600;878;42
P1840005.JPG;4205;1461;4332;1675;29
P1840006.JPG;2033;1911;2183;2064;9
P1840006.JPG;2668;1589;2921;1875;38
P1840007.JPG;1349;1788;1470;1911;38
P1840007.JPG;3572;1737;3728;1910;38
P1840007.JPG;699;1719;848;1878;29
P1840007.JPG;1702;1987;1794;2078;61
P1840007.JPG;1702;1877;1794;1970;48
P1840007.JPG;3259;1701;3361;1800;42
P1840008.JPG;3412;1425;3534;1560;42
P1840008.JPG;3964;1394;4178;1625;38
P1840008.JPG;1084;1560;1233;1713;38
P1840008.JPG;1554;1681;1663;1789;48
P1840008.JPG;1557;1809;1665;1917;61
P1840009.JPG;1310;1580;1469;1737;61
P1840009.JPG;1307;1395;1468;1553;48
P1840009.JPG;295;1053;567;1322;38
P1840009.JPG;4284;936;4497;1162;42
P1840011.JPG;420;1407;720;1703;38
P1840011.JPG;3390;1942;3471;2026;38
P1840011.JPG;1344;1817;1453;1944;29
P1840011.JPG;1416;1964;1490;2038;29
P1840011.JPG;1672;2041;1724;2096;29
P1840011.JPG;2529;1951;2564;1986;14
P1840012.JPG;618;1696;693;1779;29
P1840012.JPG;1237;1783;1292;1836;29
P1840012.JPG;2111;1034;2235;1160;14
P1840012.JPG;2707;1752;2747;1794;29
P1840012.JPG;3020;1671;3066;1742;29
P1840012.JPG;1416;1749;1475;1811;38
P1840012.JPG;3495;1468;3628;1615;38
P1840012.JPG;2849;1688;2910;1762;38
P1840012.JPG;4286;1304;4461;1477;29
P1840012.JPG;1500;1885;1537;1922;3
P1840013.JPG;2270;1883;2391;2004;29
P1840013.JPG;3334;1866;3490;2043;9
P1840013.JPG;3666;1894;3793;2035;9
P1840013.JPG;3673;1480;3761;1658;42
P1840014.JPG;2212;1377;2382;1548;29
P1840014.JPG;4199;1274;4454;1584;9
P1840014.JPG;4376;1399;4558;1617;9
P1840015.JPG;3284;1356;3474;1554;38
P1840015.JPG;1240;1325;1315;1401;15
P1840016.JPG;417;967;847;1399;38
P1840016.JPG;3932;1517;4034;1616;15
P1840017.JPG;179;1285;353;1460;15
P1840017.JPG;866;2005;968;2107;29
P1840017.JPG;3410;1280;3584;1450;15
P1840018.JPG;47;1519;298;1763;38
P1840018.JPG;4010;1457;4179;1638;42
P1840019.JPG;2591;1460;2783;1674;42
P1840019.JPG;2329;2203;2504;2382;61
P1840020.JPG;2870;1142;3476;1749;61
P1840021.JPG;51;682;1046;1622;61
P1840022.JPG;900;173;1561;807;42
P1840023.JPG;1236;604;1446;811;15
P1840023.JPG;1986;1855;2025;1898;42
P1840024.JPG;1282;1459;1385;1570;42
P1840024.JPG;2634;1419;2741;1537;42
P1840024.JPG;2845;1836;2997;1984;2
P1840025.JPG;3296;1817;3566;2088;2
P1840025.JPG;1044;1331;1176;1477;42
P1840025.JPG;2841;1278;2990;1442;42
P1840026.JPG;575;1066;760;1272;42
P1840026.JPG;3173;959;3400;1206;42
P1840027.JPG;944;1252;1207;1513;37
P1840028.JPG;305;621;808;1120;37
P1840029.JPG;1085;1179;1376;1473;36
P1840030.JPG;1149;1511;1351;1714;36
P1840030.JPG;3425;1775;3486;1835;36
P1840031.JPG;659;1505;925;1771;36
P1840032.JPG;214;903;641;1328;36
P1840032.JPG;3821;1698;3888;1771;36
P1840033.JPG;313;1043;802;1531;36
P1840034.JPG;1264;930;1475;1138;43
P1840034.JPG;1266;1213;1337;1285;18
P1840034.JPG;1447;1175;1549;1301;47
P1840034.JPG;1539;1202;1635;1295;36
P1840035.JPG;1754;1545;1849;1655;36
P1840035.JPG;1264;1142;1546;1424;43
P1840035.JPG;1449;1561;1506;1646;18
P1840036.JPG;988;1043;1343;1393;43
P1840036.JPG;1675;1596;1796;1717;36
P1840036.JPG;1323;1613;1415;1704;18
P1840037.JPG;365;330;955;919;43
P1840037.JPG;1370;1378;1481;1490;18
P1840037.JPG;1788;1347;1933;1494;36
P1840037.JPG;2035;1592;2093;1647;36
P1840038.JPG;1298;856;1580;1136;36
P1840038.JPG;491;913;711;1128;18
P1840038.JPG;1666;1131;1893;1343;47
P1840038.JPG;2174;1494;2219;1549;48
P1840039.JPG;421;345;856;780;36
P1840039.JPG;1863;1356;1942;1434;36
P1840039.JPG;1370;959;1638;1221;47
P1840040.JPG;437;842;966;1356;47
P1840040.JPG;1828;1725;1942;1837;36
P1840040.JPG;2249;1935;2313;2000;61
P1840040.JPG;2244;1861;2309;1926;48
P1840041.JPG;2544;1653;2594;1735;48
P1840041.JPG;2547;1746;2594;1826;61
P1840041.JPG;2455;1621;2496;1663;15
P1840041.JPG;538;1006;865;1339;36
P1840041.JPG;2571;1176;2631;1236;29
P1840042.JPG;2902;1796;3085;1979;61
P1840042.JPG;2898;1595;3081;1778;48
P1840043.JPG;2509;1312;2758;1566;48
P1840043.JPG;2505;1590;2759;1844;61
P1840044.JPG;2714;1551;3023;1863;61
P1840044.JPG;2717;1209;3024;1521;48
P1840045.JPG;1500;997;1749;1480;56
P1840046.JPG;2353;1713;2563;1955;56
P1840046.JPG;2910;2200;2981;2260;30
P1840047.JPG;2386;1864;2479;1947;30
P1840047.JPG;1250;1077;1671;1541;56
P1840048.JPG;1173;1547;1406;1756;30
P1840048.JPG;4054;1783;4117;1840;30
P1840049.JPG;787;1259;1102;1542;30
P1840050.JPG;481;1597;721;1837;18
P1840051.JPG;1599;1357;1767;1524;15
P1840051.JPG;1016;2217;1060;2265;36
P1840052.JPG;1442;1254;1683;1493;15
P1840052.JPG;903;2470;951;2524;36
P1840053.JPG;1157;1338;1425;1611;56
P1840054.JPG;746;986;1223;1468;56
P1840055.JPG;754;1621;982;1847;61
P1840055.JPG;35;1916;125;2005;61
P1840055.JPG;34;1816;122;1906;48
P1840055.JPG;750;1366;981;1594;48
P1840055.JPG;1497;1499;1534;1535;15
P1840056.JPG;1276;1128;1306;1164;15
P1840056.JPG;2045;1198;2085;1236;15
P1840056.JPG;937;1187;1252;1499;61
P1840056.JPG;396;1594;500;1693;61
P1840056.JPG;400;1484;502;1583;48
P1840056.JPG;942;834;1258;1149;48
P1840057.JPG;32;1886;127;2004;15
P1840057.JPG;2546;1933;2696;2082;15
P1840058.JPG;293;2489;384;2590;29
P1840058.JPG;2902;1656;3144;1895;15
P1840058.JPG;432;2370;604;2538;56
P1840059.JPG;823;1612;1116;1903;56
P1840059.JPG;784;2003;854;2066;30
P1840060.JPG;261;1309;507;1518;30
P1840060.JPG;1523;1714;1567;1752;30
P1840061.JPG;2335;1655;2384;1698;30
P1840061.JPG;889;1450;1089;1648;56
P1840062.JPG;651;1376;955;1672;56
P1840062.JPG;2578;1777;2626;1820;30
P1840063.JPG;2999;1523;3149;1673;24
P1840064.JPG;3106;1643;3320;1856;24
P1840065.JPG;3951;1694;4344;2076;24
P1840066.JPG;2715;1957;2849;2090;20
P1840067.JPG;2939;2150;3087;2296;20
P1840068.JPG;3912;1549;4152;1786;20
P1840069.JPG;1084;1294;1550;1771;18
P1840069.JPG;2996;1580;3501;2151;2
P1840069.JPG;3007;1000;3503;1564;4
P1840070.JPG;779;1399;979;1594;20
P1840070.JPG;1494;1725;1562;1792;24
P1840070.JPG;2423;1703;2488;1770;24
P1840070.JPG;1655;1747;1763;1855;61
P1840070.JPG;1654;1622;1764;1732;48
P1840071.JPG;309;1329;605;1613;20
P1840071.JPG;1566;1821;1642;1897;24
P1840071.JPG;2605;1782;2679;1857;24
P1840071.JPG;1731;1839;1855;1967;61
P1840071.JPG;1730;1694;1855;1824;48
P1840072.JPG;1533;1618;1735;1825;48
P1840072.JPG;1531;1850;1737;2057;61
P1840072.JPG;1241;1912;1339;2011;56
P1840072.JPG;1386;1842;1494;1949;24
P1840072.JPG;2873;1797;2977;1905;24
P1840073.JPG;1779;1541;1909;1668;24
P1840073.JPG;1652;1634;1767;1749;56
P1840073.JPG;1910;1518;2183;1793;61
P1840073.JPG;1908;1203;2181;1481;48
P1840074.JPG;2380;952;2924;1496;48
P1840074.JPG;2376;1561;2924;2116;61
P1840074.JPG;1885;1929;2024;2071;56
P1840074.JPG;2064;1752;2254;1942;24
P1840075.JPG;274;1852;496;2053;30
P1840076.JPG;344;1459;681;1749;30
P1840077.JPG;1171;1685;1275;1785;30
P1840077.JPG;1668;1810;1744;1887;23
P1840078.JPG;551;1424;716;1584;30
P1840078.JPG;1483;1669;1582;1770;23
P1840079.JPG;1225;1582;1373;1728;23
P1840080.JPG;487;1214;714;1440;23
P1840081.JPG;2551;1640;2603;1689;15
P1840081.JPG;3160;1845;3215;1902;23
P1840081.JPG;1788;2052;1871;2133;61
P1840081.JPG;1791;1962;1872;2043;48
P1840082.JPG;1465;1748;1570;1856;48
P1840082.JPG;1461;1864;1567;1970;61
P1840082.JPG;2408;1406;2471;1467;15
P1840083.JPG;3362;1065;3454;1155;15
P1840083.JPG;1751;1631;1953;1835;61
P1840083.JPG;1759;1411;1964;1616;48
P1840084.JPG;4439;1031;4564;1152;15
P1840084.JPG;2240;1134;2649;1540;48
P1840084.JPG;2221;1568;2631;1976;61
P1840085.JPG;3049;1815;3164;1981;0
P1840086.JPG;3258;1466;3418;1700;0
P1840087.JPG;3422;1349;3628;1650;0
P1840088.JPG;1802;370;2958;1506;9
P1840089.JPG;1298;1750;1421;1904;5
P1840089.JPG;3549;2010;3613;2084;61
P1840089.JPG;3543;1928;3609;2000;48
P1840089.JPG;1004;1735;1122;1891;36
P1840089.JPG;1743;1821;1865;1946;5
P1840089.JPG;4198;1732;4234;1780;15
P1840090.JPG;451;1363;711;1624;5
P1840090.JPG;1144;1745;1214;1815;12
P1840090.JPG;4290;1521;4333;1578;15
P1840090.JPG;3664;1841;3760;1952;61
P1840090.JPG;3655;1718;3760;1828;48
P1840091.JPG;3106;1185;3305;1394;48
P1840091.JPG;3118;1412;3306;1622;61
P1840091.JPG;3609;1071;3659;1148;15
P1840091.JPG;1799;1479;1887;1579;36
P1840091.JPG;4505;1544;4569;1608;56
P1840092.JPG;4442;1662;4516;1733;56
P1840092.JPG;1207;1594;1330;1726;36
P1840092.JPG;3418;1239;3821;1667;61
P1840092.JPG;3378;764;3802;1193;48
P1840093.JPG;2202;919;2352;1071;15
P1840094.JPG;593;2021;826;2253;61
P1840094.JPG;921;1111;1037;1225;29
P1840095.JPG;1452;1645;1488;1681;29
P1840095.JPG;1470;1805;1535;1858;30
P1840095.JPG;2385;962;2544;1123;14
P1840095.JPG;3000;1439;3046;1486;29
P1840096.JPG;1450;2272;1543;2364;30
P1840096.JPG;1453;2062;1502;2112;29
P1840096.JPG;3107;1;3510;329;14
P1840096.JPG;3558;1816;3621;1877;29
P1840097.JPG;634;1361;825;1553;30
P1840097.JPG;783;1024;881;1118;29
P1840098.JPG;257;1436;455;1628;20
P1840098.JPG;1410;1653;1462;1704;15
P1840099.JPG;337;1204;575;1439;34
P1840099.JPG;2761;1710;2820;1768;34
P1840099.JPG;3354;1806;3379;1829;30
P1840099.JPG;3385;1850;3427;1891;61
P1840099.JPG;3660;1543;3811;1691;7
P1840100.JPG;1598;1542;1680;1643;29
P1840100.JPG;2600;1597;2681;1676;34
P1840100.JPG;3344;1800;3395;1849;61
P1840101.JPG;2260;2070;2328;2142;61
P1840101.JPG;1731;1969;1782;2038;41
P1840101.JPG;1115;1633;1264;1784;34
P1840102.JPG;2992;1682;3287;2011;61
P1840102.JPG;3062;1313;3317;1648;48
P1840102.JPG;3496;1442;3582;1528;12
P1840102.JPG;3951;1503;4059;1631;29
P1840102.JPG;503;1445;599;1557;55
P1840103.JPG;748;1503;989;1770;55
P1840104.JPG;546;1426;762;1641;23
P1840104.JPG;4118;1395;4338;1613;23
P1840106.JPG;1267;1647;1374;1754;23
P1840106.JPG;1538;576;1713;752;15
P1840107.JPG;1421;1516;1572;1667;23
P1840108.JPG;792;1432;1073;1709;23
P1840108.JPG;1220;1727;1263;1796;0
P1840108.JPG;1503;1743;1546;1786;12
P1840109.JPG;2050;1841;2113;1905;61
P1840109.JPG;2049;1768;2111;1831;48
P1840110.JPG;2301;1654;2402;1753;48
P1840110.JPG;2304;1770;2405;1871;61
P1840110.JPG;1930;1350;1970;1410;0
P1840111.JPG;2398;1667;2559;1827;61
P1840111.JPG;2393;1482;2554;1644;48
P1840111.JPG;2648;1437;2698;1487;34
P1840111.JPG;2811;1536;2846;1570;56
P1840111.JPG;1967;1518;2034;1587;15
P1840111.JPG;2156;1073;2213;1128;12
P1840111.JPG;3347;1038;3435;1123;15
P1840111.JPG;1793;1066;1851;1151;0
P1840112.JPG;1831;751;1918;882;0
P1840112.JPG;1996;1556;2082;1642;15
P1840112.JPG;2379;2101;2413;2130;30
P1840112.JPG;2381;778;2467;864;12
P1840112.JPG;2434;2113;2462;2148;8
P1840112.JPG;2504;1992;2591;2082;18
P1840112.JPG;3954;900;4074;1016;15
P1840112.JPG;2833;1651;3101;1923;61
P1840112.JPG;2833;1343;3101;1613;48
P1840112.JPG;2853;1685;2890;1720;56
P1840113.JPG;2215;2015;2281;2082;56
P1840113.JPG;2346;1924;2501;2078;45
P1840113.JPG;2106;2007;2174;2073;48
P1840113.JPG;2104;2084;2172;2150;61
P1840113.JPG;1848;2158;1879;2190;48
P1840113.JPG;1804;2139;1832;2168;41
P1840113.JPG;1763;2075;1814;2128;55
P1840113.JPG;2302;1970;2372;2076;0
P1840113.JPG;1364;487;1592;718;15
P1840113.JPG;1711;1992;1758;2033;30
P1840113.JPG;1759;2006;1807;2054;8
P1840113.JPG;1920;2170;1947;2198;9
P1840113.JPG;2318;1778;2350;1830;15
P1840113.JPG;2713;1633;2956;1875;18
P1840113.JPG;1852;2194;1874;2216;2
P1840114.JPG;1608;2269;1636;2296;2
P1840114.JPG;2348;1844;2463;2006;0
P1840114.JPG;1440;2011;1500;2061;30
P1840114.JPG;1501;2034;1560;2094;8
P1840114.JPG;1686;2240;1713;2270;9
P1840114.JPG;2675;1593;2979;1899;45
P1840114.JPG;1947;1997;2034;2083;48
P1840114.JPG;1947;2094;2036;2183;61
P1840114.JPG;2087;2003;2173;2090;56
P1840114.JPG;2103;1386;2151;1442;56
P1840114.JPG;1506;2118;1570;2182;55
P1840114.JPG;1554;2210;1584;2243;41
P1840114.JPG;1604;2230;1639;2265;48
P1840114.JPG;2209;1695;2253;1763;15
P1840115.JPG;1591;2288;1620;2314;2
P1840115.JPG;2942;1486;3139;1781;0
P1840115.JPG;1389;1958;1462;2021;30
P1840115.JPG;1466;1996;1535;2069;8
P1840115.JPG;1676;2259;1708;2292;9
P1840115.JPG;2376;1544;2435;1628;15
P1840115.JPG;2186;1256;2252;1321;56
P1840115.JPG;2211;1942;2321;2055;56
P1840115.JPG;1470;2094;1548;2170;55
P1840115.JPG;1533;2221;1566;2257;41
P1840115.JPG;1586;2244;1624;2282;48
P1840115.JPG;2033;1928;2145;2042;48
P1840115.JPG;2032;2055;2146;2169;61
P1840116.JPG;2443;1656;2827;2044;61
P1840116.JPG;2450;1237;2823;1624;48
P1840116.JPG;2992;1317;3360;1680;56
P1840116.JPG;2290;534;2408;651;56
P1840116.JPG;976;1945;1142;2105;55
P1840116.JPG;1337;2224;1388;2273;48
P1840116.JPG;1266;2193;1312;2242;41
P1840116.JPG;729;1622;894;1761;30
P1840116.JPG;1008;1764;1126;1902;8
P1840116.JPG;1456;2240;1498;2287;9
P1840116.JPG;1897;2232;1927;2278;9
P1840116.JPG;3586;1;3818;240;15
P1840116.JPG;1342;2280;1382;2319;2
P1840117.JPG;1641;2154;1682;2194;2
P1840117.JPG;2801;48;2947;198;56
P1840117.JPG;1127;1741;1312;1960;55
P1840117.JPG;1559;2056;1608;2111;41
P1840117.JPG;1635;2092;1691;2146;48
P1840117.JPG;667;1249;908;1454;30
P1840117.JPG;1129;1507;1303;1692;8
P1840117.JPG;1765;2112;1809;2161;9
P1840117.JPG;2243;2112;2277;2164;9
P1840118.JPG;1127;1176;1456;1502;8
P1840118.JPG;1525;2196;1561;2229;30
P1840118.JPG;2347;2178;2397;2234;9
P1840118.JPG;2898;2164;2942;2222;9
P1840118.JPG;1047;1563;1440;1952;55
P1840118.JPG;2112;2123;2167;2185;41
P1840118.JPG;2198;2160;2261;2222;48
P1840118.JPG;2206;2229;2254;2277;2
P1840119.JPG;2877;1848;2955;1924;2
P1840119.JPG;262;1422;512;1668;47
P1840119.JPG;2736;1679;2825;1776;41
P1840119.JPG;2867;1739;2965;1836;48
P1840119.JPG;1042;1743;1101;1835;41
P1840119.JPG;1735;1731;1795;1785;30
P1840119.JPG;3103;1783;3181;1867;9
P1840120.JPG;1592;1437;1787;1655;41
P1840120.JPG;1881;1568;2104;1794;48
P1840120.JPG;1897;1807;2073;1976;2
P1840120.JPG;2353;1704;2516;1890;9
P1840120.JPG;4229;1702;4435;1906;9
P1840121.JPG;3875;1873;4524;2524;9
P1840121.JPG;2861;1987;3676;2821;2
P1840121.JPG;1343;414;2221;1391;41
P1840121.JPG;2757;855;3799;1926;48
P1840122.JPG;867;2074;1041;2247;1
P1840122.JPG;139;1763;396;1979;54
P1840123.JPG;319;1658;570;1873;54
P1840123.JPG;2950;2345;2980;2378;1
P1840123.JPG;1039;1970;1212;2140;1
P1840124.JPG;1395;1371;1612;1722;52
P1840125.JPG;1087;1480;1211;1603;61
P1840125.JPG;3944;1268;4045;1394;30
P1840126.JPG;641;1331;835;1518;61
P1840127.JPG;481;1310;727;1551;61
P1840128.JPG;2887;1784;2964;1861;61
P1840128.JPG;2887;1697;2965;1775;48
P1840129.JPG;2803;1326;2952;1472;48
P1840129.JPG;2809;1489;2955;1632;61
P1840130.JPG;3315;1517;3632;1831;61
P1840130.JPG;3291;1167;3611;1483;48
P1840131.JPG;2339;1632;2475;1744;48
P1840131.JPG;2343;1760;2482;1899;61
P1840131.JPG;2918;1376;3070;1566;0
P1840132.JPG;3331;1121;3552;1397;0
P1840132.JPG;2481;1714;2657;1886;61
P1840132.JPG;2480;1545;2654;1696;48
P1840133.JPG;2263;1588;2489;1769;48
P1840133.JPG;2264;1792;2487;2014;61
P1840133.JPG;3540;862;3866;1264;0
P1840134.JPG;1430;1655;1588;1818;61
P1840134.JPG;1423;1475;1576;1640;48
P1840134.JPG;1490;1067;1574;1151;29
P1840135.JPG;1460;778;1574;894;29
P1840135.JPG;1309;1292;1537;1534;48
P1840135.JPG;1316;1554;1550;1799;61
P1840136.JPG;852;1422;1261;1839;61
P1840136.JPG;831;959;1242;1385;48
P1840136.JPG;1271;335;1448;510;29
P1840137.JPG;413;820;565;1067;29
P1840137.JPG;1219;1002;1346;1136;20
P1840138.JPG;1;991;226;1286;26
P1840139.JPG;2716;301;3329;922;26
P1840140.JPG;1;1424;239;1773;38
P1840140.JPG;2233;1669;2332;1769;20
P1840140.JPG;2616;1857;2668;1923;29
P1840141.JPG;2783;1561;2968;1746;20
P1840142.JPG;3305;815;3649;1150;20
P1840143.JPG;1062;1786;1162;1886;18
P1840143.JPG;2260;739;2454;929;15
P1840143.JPG;2382;1470;2442;1529;15
P1840143.JPG;2385;1754;2431;1800;20
P1840143.JPG;761;1745;884;1913;38
P1840143.JPG;2474;1670;2567;1763;43
P1840143.JPG;2332;1835;2372;1875;34
P1840144.JPG;2400;1927;2447;1974;34
P1840144.JPG;2622;1676;2743;1798;43
P1840144.JPG;1;1624;229;1897;38
P1840144.JPG;458;1687;624;1852;18
P1840144.JPG;2476;1818;2529;1873;20
P1840144.JPG;2504;1422;2580;1498;15
P1840145.JPG;2496;1554;2563;1621;20
P1840145.JPG;2575;965;2679;1069;15
P1840145.JPG;2738;1303;2903;1467;43
P1840145.JPG;2393;1701;2447;1755;34
P1840146.JPG;2307;1735;2372;1801;34
P1840146.JPG;2140;1893;2167;1929;34
P1840146.JPG;2917;1043;3170;1297;43
P1840146.JPG;2457;1530;2540;1616;20
P1840146.JPG;2660;541;2817;698;15
P1840147.JPG;3109;1682;3276;1849;20
P1840147.JPG;2634;2114;2737;2217;34
P1840147.JPG;2285;2334;2329;2378;34
P1840148.JPG;2257;2037;2311;2089;34
P1840148.JPG;2824;1710;2974;1856;34
P1840148.JPG;4183;657;4526;1000;20
P1840149.JPG;3388;949;3698;1258;34
P1840149.JPG;2004;1757;2071;1822;34
P1840149.JPG;1855;1918;1884;1963;0
P1840150.JPG;2968;1640;3098;1768;34
P1840150.JPG;2578;1999;2619;2061;0
P1840150.JPG;2121;1753;2164;1796;15
P1840150.JPG;2476;2050;2512;2084;20
P1840151.JPG;2093;1722;2141;1767;15
P1840151.JPG;2483;2062;2518;2099;20
P1840151.JPG;2613;1995;2658;2070;0
P1840151.JPG;3253;1450;3434;1627;34
P1840152.JPG;3528;999;3799;1267;34
P1840152.JPG;2406;1893;2458;1975;0
P1840152.JPG;1816;1598;1868;1650;15
P1840152.JPG;2241;1977;2281;2017;20
P1840153.JPG;1817;1147;1914;1241;15
P1840153.JPG;2417;1880;2477;1940;20
P1840153.JPG;3238;1604;3357;1791;0
P1840154.JPG;3616;1353;3786;1612;0
P1840154.JPG;1675;911;1791;1024;15
P1840154.JPG;2366;1790;2412;1859;20
P1840155.JPG;3181;1365;3416;1608;20
P1840156.JPG;2282;1798;2327;1862;28
P1840156.JPG;3208;1546;3400;1742;7
P1840157.JPG;2197;2012;2247;2078;28
P1840157.JPG;3405;1674;3643;1917;7
P1840159.JPG;1923;1205;2388;1681;53
P1840159.JPG;1;1531;357;1978;9
P1840159.JPG;1103;1349;1234;1791;9
P1840160.JPG;595;1150;1038;1683;9
P1840160.JPG;1909;908;2110;1445;9
P1840160.JPG;3032;761;3596;1330;53
P1840161.JPG;659;1203;894;1583;5
P1840161.JPG;674;1614;882;1937;7
P1840161.JPG;2781;2307;2865;2390;47
P1840162.JPG;1295;1654;1466;1828;47
P1840163.JPG;927;1200;1216;1491;47
P1840164.JPG;580;1133;971;1516;47
P1840165.JPG;2911;1422;3125;1636;15
P1840166.JPG;630;1170;1024;1539;59
P1840168.JPG;2819;1817;2942;1960;56
P1840169.JPG;2899;1560;3085;1771;56
P1840170.JPG;2277;1710;2332;1760;61
P1840171.JPG;2339;1706;2460;1814;61
P1840172.JPG;2758;1228;3115;1550;61
P1840173.JPG;238;1936;639;2342;61
P1840173.JPG;250;1483;649;1888;48
P1840173.JPG;4319;806;4494;980;15
P1840174.JPG;1547;754;1973;1165;30
P1840175.JPG;3122;1662;3394;1926;7
P1840176.JPG;3223;1006;3670;1447;7
P1840177.JPG;3401;927;3670;1349;9
P1840178.JPG;1215;1794;1437;2017;61
P1840179.JPG;505;1495;899;1886;61
P1840179.JPG;3921;677;4026;782;29
P1840180.JPG;1036;1269;1243;1472;54
P1840180.JPG;1034;915;1239;1123;47
P1840181.JPG;689;1016;950;1274;47
P1840181.JPG;698;1462;959;1717;54
P1840181.JPG;1444;1654;1495;1707;48
P1840181.JPG;1443;1718;1495;1756;61
P1840181.JPG;1464;1499;1485;1520;29
P1840181.JPG;1728;1629;1759;1662;47
P1840181.JPG;1729;1686;1761;1721;49
P1840181.JPG;1702;1686;1730;1713;21
P1840182.JPG;505;1431;887;1802;54
P1840182.JPG;498;789;877;1162;47
P1840182.JPG;1728;1805;1786;1862;48
P1840182.JPG;1727;1873;1783;1921;61
P1840182.JPG;1749;1639;1774;1664;29
P1840182.JPG;2007;1844;2035;1871;21
P1840182.JPG;2032;1785;2068;1820;47
P1840182.JPG;2035;1846;2068;1879;49
P1840183.JPG;1407;2799;1629;3020;61
P1840183.JPG;1414;2543;1629;2762;48
P1840183.JPG;1130;2718;1184;2795;30
P1840183.JPG;1507;1994;1586;2073;29
P1840184.JPG;696;1831;760;1925;30
P1840184.JPG;809;1978;1174;2348;61
P1840184.JPG;826;1553;1195;1920;48
P1840184.JPG;1061;711;1192;835;29
P1840184.JPG;1865;1929;1933;1998;21
P1840184.JPG;1899;1808;1987;1886;47
P1840185.JPG;239;1831;786;2371;61
P1840185.JPG;254;1206;791;1744;48
P1840185.JPG;640;88;814;260;29
P1840185.JPG;1776;1737;1850;1811;21
P1840185.JPG;2839;1730;2877;1768;8
P1840185.JPG;1830;1742;1896;1829;49
P1840185.JPG;1810;1608;1896;1689;47
P1840186.JPG;584;1573;710;1703;30
P1840186.JPG;2271;1752;2301;1777;30
P1840186.JPG;2320;1785;2344;1806;30
P1840186.JPG;2877;1689;2913;1724;30
P1840186.JPG;2147;1712;2210;1775;48
P1840186.JPG;2163;1783;2214;1846;61
P1840187.JPG;947;1857;1053;1945;30
P1840187.JPG;1332;2024;1391;2080;30
P1840187.JPG;3436;1497;3621;1677;30
P1840188.JPG;548;2093;681;2212;30
P1840188.JPG;1191;2335;1267;2409;30
P1840189.JPG;1006;2049;1118;2150;30
P1840190.JPG;1080;1225;1317;1453;39
P1840191.JPG;681;1153;1036;1504;39
P1840193.JPG;1067;83;1527;539;15
P1840194.JPG;1916;1564;2013;1667;45
P1840195.JPG;1576;1403;1718;1550;45
P1840196.JPG;1425;1057;1643;1279;45
P1840197.JPG;777;899;1159;1284;45
P1840198.JPG;664;1003;971;1476;38
P1840199.JPG;1067;1432;1266;1632;54
P1840199.JPG;2559;1981;2630;2053;61
P1840199.JPG;2555;1893;2627;1965;48
P1840199.JPG;1651;1768;1724;1892;28
P1840199.JPG;2582;1649;2614;1684;29
P1840199.JPG;3175;1586;3205;1625;28
P1840200.JPG;1492;1794;1598;1970;28
P1840200.JPG;2760;1742;2794;1784;29
P1840200.JPG;3396;1721;3426;1764;28
P1840200.JPG;493;1217;804;1526;54
P1840200.JPG;2722;2026;2809;2114;48
P1840200.JPG;2723;2134;2812;2222;61
P1840201.JPG;1385;1739;1608;1960;61
P1840201.JPG;1379;1478;1601;1695;48
P1840201.JPG;1555;928;1649;1022;29
P1840201.JPG;1575;1502;1614;1561;30
P1840201.JPG;2728;1313;2772;1373;28
P1840202.JPG;452;1479;667;1687;37
P1840202.JPG;2848;1817;2963;1901;36
P1840202.JPG;1133;1894;1220;2009;36
P1840203.JPG;764;1675;928;1860;36
P1840203.JPG;3508;1600;3694;1785;36
P1840204.JPG;62;1186;534;1643;36
P1840205.JPG;931;1570;1189;1826;36
P1840206.JPG;768;1243;1149;1618;36
P1840207.JPG;1147;1324;1337;1519;43
P1840208.JPG;724;1218;1009;1497;43
P1840209.JPG;1240;1463;1404;1609;51
P1840210.JPG;1188;1358;1408;1553;51
P1840211.JPG;591;1297;924;1584;51
P1840212.JPG;1631;1965;1787;2117;36
P1840213.JPG;1465;1995;1666;2192;36
P1840214.JPG;322;858;690;1390;38
P1840214.JPG;1807;1765;1921;1894;38
P1840214.JPG;2089;1928;2174;2021;36
P1840215.JPG;316;1456;701;1832;36
P1840215.JPG;1464;1906;1575;2011;37
P1840216.JPG;1582;1447;1897;1761;37
P1840216.JPG;632;1559;843;1815;9
P1840217.JPG;956;919;1024;986;29
P1840217.JPG;2643;1197;2805;1366;8
P1840218.JPG;179;989;280;1086;29
P1840218.JPG;2666;1221;2945;1515;8
P1840218.JPG;1335;1965;1410;2075;2
P1840219.JPG;1059;1892;1145;2017;2
P1840219.JPG;2694;843;3076;1249;8
P1840220.JPG;1854;1637;2024;1872;2
P1840221.JPG;330;1372;647;1752;2
P1840222.JPG;120;1911;386;2180;52
P1840222.JPG;118;1485;388;1751;47
P1840223.JPG;2735;1192;2896;1353;8
P1840224.JPG;2930;1300;3146;1516;8
P1840225.JPG;3016;1018;3338;1338;8
P1840226.JPG;1399;1611;1801;2011;61
P1840226.JPG;1346;1169;1744;1563;48
P1840227.JPG;572;2182;721;2325;30
P1840227.JPG;1413;724;1598;910;15
P1840227.JPG;3132;409;3350;625;15
P1840227.JPG;3785;2140;3947;2302;48
P1840228.JPG;311;1317;730;1723;48
P1840228.JPG;334;1773;750;2180;61
P1840229.JPG;654;1388;840;1570;23
P1840230.JPG;2428;1460;2595;1624;48
P1840230.JPG;2421;1645;2587;1809;61
P1840231.JPG;1;1970;188;2213;61
P1840231.JPG;1;1726;178;1951;48
P1840231.JPG;2665;1945;2766;2044;48
P1840231.JPG;2670;2066;2767;2163;61
P1840232.JPG;1924;1865;2112;2048;61
P1840232.JPG;1928;1645;2118;1829;48
P1840233.JPG;1862;1752;2100;1988;61
P1840233.JPG;1862;1463;2096;1702;48
P1840234.JPG;960;1178;1134;1349;56
P1840235.JPG;858;1275;1112;1526;56
P1840236.JPG;1;1612;153;1822;10
P1840236.JPG;1371;1713;1565;1891;48
P1840236.JPG;1402;1915;1560;2090;61
P1840236.JPG;1739;1217;1919;1397;26
P1840237.JPG;1401;1697;1582;1866;61
P1840237.JPG;1403;1498;1575;1665;48
P1840238.JPG;1133;1232;1375;1467;48
P1840238.JPG;1134;1503;1382;1744;61
P1840239.JPG;705;1558;947;1803;48
P1840239.JPG;717;1830;956;2069;61
P1840240.JPG;1622;1197;1863;1437;61
P1840240.JPG;1622;911;1865;1153;48
P1840241.JPG;2050;1185;2323;1468;56
P1840241.JPG;2033;1558;2091;1612;30
P1840242.JPG;1815;1549;1874;1601;30
P1840242.JPG;2245;1521;2308;1582;30
P1840242.JPG;1795;1145;2090;1442;56
P1840242.JPG;4448;992;4548;1095;15
P1840243.JPG;576;1400;712;1528;30
P1840243.JPG;1252;1107;1472;1311;30
P1840244.JPG;1621;782;1757;920;15
P1840244.JPG;1837;1291;2015;1459;42
P1840245.JPG;1673;1177;1880;1369;42
P1840245.JPG;2319;1455;2578;1716;61
P1840245.JPG;2312;1174;2574;1432;48
P1840245.JPG;1405;604;1565;765;15
P1840246.JPG;2858;631;3087;872;15
P1840246.JPG;94;1436;461;1769;42
P1840246.JPG;3182;1379;3497;1673;42
P1840246.JPG;4252;1175;4592;1666;48
P1840246.JPG;4267;1717;4592;2212;61
P1840247.JPG;1;937;303;1282;29
P1840247.JPG;820;780;1120;1076;37
P1840247.JPG;2400;1620;2455;1679;37
P1840247.JPG;2155;1435;2273;1548;36
P1840248.JPG;533;860;837;1160;36
P1840248.JPG;1751;1572;1849;1669;37
P1840248.JPG;2282;1660;2354;1723;36
P1840249.JPG;882;1047;1255;1410;54
P1840250.JPG;478;1206;733;1567;10
P1840251.JPG;3098;1289;3544;1733;45
P1840252.JPG;83;1582;416;1935;3
P1840256.JPG;3645;723;4247;1319;37
P1840256.JPG;2748;1803;3005;2069;36
P1840256.JPG;2434;2233;2550;2352;37
P1840258.JPG;205;867;830;1469;61
P1840259.JPG;84;735;781;1402;61
P1840260.JPG;1766;1243;1932;1390;21
P1840261.JPG;625;550;1218;1078;21
P1840261.JPG;2050;1360;2184;1488;15
P1840269.JPG;1;1311;627;2183;61
P1840270.JPG;2191;1507;2481;1769;3
P1840271.JPG;158;1407;658;1891;30
P1840272.JPG;2456;2044;2505;2094;8
P1840272.JPG;2615;1943;2691;2018;52
P1840272.JPG;3005;1819;3124;1940;8
P1840273.JPG;2451;1886;2508;1945;8
P1840273.JPG;3459;1520;3643;1704;8
P1840273.JPG;2694;1751;2796;1849;52
P1840275.JPG;587;1896;678;1976;30
P1840275.JPG;3570;1557;3858;1858;8
P1840275.JPG;1517;1893;1558;1956;0
P1840275.JPG;781;1927;832;1977;51
P1840276.JPG;1843;1456;1912;1518;51
P1840276.JPG;1455;1318;1600;1452;30
P1840276.JPG;2857;1399;2918;1489;0
P1840279.JPG;1064;1368;1299;1600;47
P1840279.JPG;1473;1661;1584;1786;21
P1840280.JPG;1407;1538;1554;1682;21
P1840280.JPG;859;1156;1149;1442;47
P1840281.JPG;1127;1329;1295;1499;21
P1840281.JPG;339;810;706;1164;47
P1840282.JPG;642;1054;905;1313;21
P1840283.JPG;217;722;534;1050;21
P1840284.JPG;941;1016;1276;1345;47
P1840284.JPG;1009;1635;1246;1910;52
P1840285.JPG;778;1102;1014;1341;21
P1840285.JPG;1979;1330;2139;1480;39
P1840286.JPG;932;1428;1194;1691;39
P1840287.JPG;2639;1109;2825;1294;64
P1840287.JPG;658;1539;747;1632;38
P1840288.JPG;3051;875;3314;1136;64
P1840288.JPG;688;1530;790;1633;38
P1840289.JPG;144;1862;257;1977;38
P1840289.JPG;3182;838;3564;1220;64
P1840290.JPG;744;1717;1036;2004;38
P1840291.JPG;3030;1727;3192;1888;2
P1840291.JPG;475;1611;588;1720;28
P1840292.JPG;1266;1765;1396;1889;47
P1840293.JPG;437;1585;744;1897;47
P1840293.JPG;2420;2686;2485;2750;61
P1840293.JPG;2423;2606;2481;2673;48
P1840294.JPG;1596;1587;1797;1805;48
P1840294.JPG;1582;1835;1793;2051;61
P1840294.JPG;2086;1711;2151;1776;47
P1840294.JPG;2089;1815;2147;1878;52
P1840295.JPG;459;724;788;1056;30
P1840297.JPG;1160;1652;1659;2174;52
P1840297.JPG;1154;821;1670;1334;47
P1840298.JPG;1271;726;1788;1251;47
P1840298.JPG;1278;1552;1782;2079;52
P1840300.JPG;834;1490;1242;1872;61
P1840301.JPG;493;2126;664;2310;28
P1840301.JPG;3594;1155;3875;1501;20
P1840302.JPG;954;1559;1377;2014;38
P1840303.JPG;3211;2097;3633;2527;61
P1840303.JPG;1977;2135;2052;2213;28
P1840303.JPG;2350;2092;2454;2223;28
P1840303.JPG;3187;1036;3548;1391;20
P1840303.JPG;3203;1521;3504;1883;28
P1840304.JPG;1582;1761;1635;1816;28
P1840304.JPG;1945;1711;2010;1780;28
P1840304.JPG;2477;1504;2590;1624;28
P1840304.JPG;3118;1218;3335;1482;28
P1840305.JPG;365;1451;477;1572;42
P1840305.JPG;2669;1352;2793;1539;0
P1840306.JPG;1740;1247;1933;1470;29
P1840306.JPG;2671;1120;2816;1279;42
P1840307.JPG;2139;1504;2321;1697;37
P1840309.JPG;1409;1413;1641;1637;5
P1840310.JPG;1203;858;1554;1212;5
P1840311.JPG;883;967;1314;1387;5
P1840312.JPG;2257;1019;3476;2245;2
P1840313.JPG;2408;1622;2503;1757;0
P1840314.JPG;2377;1451;2519;1653;0
P1840315.JPG;2459;1419;2661;1712;0
P1840316.JPG;1780;1532;1960;1750;38
P1840317.JPG;1333;1024;1572;1280;20
P1840317.JPG;2820;1773;2886;1836;9
P1840317.JPG;3031;1697;3110;1777;53
P1840318.JPG;1854;1519;2009;1676;53
P1840318.JPG;1376;1665;1506;1788;9
P1840319.JPG;1347;1724;1646;2026;53
P1840319.JPG;300;1939;498;2193;9
P1840321.JPG;1159;1393;1313;1546;47
P1840322.JPG;862;1145;1155;1433;47
P1840323.JPG;2284;1000;2441;1156;15
P1840324.JPG;961;1114;1236;1359;59
P1840325.JPG;2692;1570;2955;1825;61
P1840325.JPG;2678;1291;2946;1550;48
P1840327.JPG;2673;1235;3127;1662;61
P1840327.JPG;2645;707;3084;1143;48
P1840328.JPG;2397;1286;2634;1517;48
P1840328.JPG;2398;1547;2641;1785;61
P1840330.JPG;3229;1256;3390;1459;0
P1840332.JPG;3011;1399;3168;1598;0
P1840333.JPG;3369;1521;3657;1885;0
P1840335.JPG;1320;1322;1558;1547;3
P1840336.JPG;3074;1197;3406;1541;45
P1840337.JPG;2526;1364;2698;1617;0
P1840338.JPG;2741;788;3053;1267;0
P1840343.JPG;1391;1690;1545;1842;48
P1840343.JPG;1400;1858;1540;2005;61
P1840344.JPG;833;1548;1012;1735;56
P1840345.JPG;2233;752;2467;986;14
P1840346.JPG;3618;983;3810;1173;15
P1840347.JPG;3920;787;4179;1034;15
P1840348.JPG;1024;1422;1155;1606;36
P1840348.JPG;4355;1650;4431;1710;48
P1840348.JPG;2151;1535;2293;1678;5
P1840348.JPG;2504;1688;2556;1738;12
P1840349.JPG;2849;1049;2914;1140;15
P1840349.JPG;1163;1351;1438;1687;61
P1840349.JPG;1128;986;1426;1321;48
P1840349.JPG;544;1605;656;1714;36
P1840350.JPG;1370;626;1515;828;15
P1840351.JPG;1333;1335;1647;1652;56
P1840352.JPG;2777;1254;2958;1444;23
P1840353.JPG;3487;870;3799;1183;23
P1840354.JPG;1720;141;2378;865;23
P1840355.JPG;2731;2092;2846;2208;19
P1840356.JPG;1474;1916;1669;2113;19
P1840356.JPG;2031;2222;2153;2345;33
P1840356.JPG;3932;1660;4059;1784;15
P1840357.JPG;667;1127;968;1428;19
P1840357.JPG;1823;1715;1982;1876;33
P1840357.JPG;4225;1073;4375;1215;15
P1840358.JPG;1190;1407;1406;1623;33
P1840358.JPG;4314;576;4515;768;15
P1840359.JPG;4232;355;4464;582;15
P1840359.JPG;474;1279;746;1553;33
P1840360.JPG;811;1410;1286;1911;23
P1840361.JPG;3061;1615;3222;1768;53
P1840362.JPG;3650;1201;3879;1426;53
P1840363.JPG;1480;1553;1665;1775;48
P1840363.JPG;1437;1799;1667;2021;61
P1840364.JPG;1036;1595;1412;1971;61
P1840364.JPG;1087;1197;1401;1568;48
P1840364.JPG;3126;1668;3207;1746;23
P1840365.JPG;3126;1675;3277;1826;23
P1840366.JPG;3259;1630;3454;1825;23
P1840367.JPG;4278;1170;4590;1544;23
P1840368.JPG;3041;1822;3182;1966;56
P1840368.JPG;1371;1896;1528;2060;57
P1840369.JPG;980;1823;1183;2039;57
P1840369.JPG;3255;1777;3436;1972;56
P1840370.JPG;3023;1567;3265;1820;56
P1840371.JPG;977;1184;1418;1634;56
P1840371.JPG;2349;1536;2404;1586;30
P1840372.JPG;1022;1766;1162;1905;48
P1840372.JPG;1015;1920;1160;2059;61
P1840373.JPG;1050;1532;1227;1709;48
P1840373.JPG;1049;1722;1232;1905;61
P1840374.JPG;1120;1981;1359;2222;61
P1840374.JPG;1112;1716;1352;1964;48
P1840375.JPG;647;1261;1063;1693;48
P1840375.JPG;672;1720;1075;2133;61
P1840375.JPG;1565;1679;1628;1743;53
P1840376.JPG;2440;1726;2700;1982;53
P1840377.JPG;3368;1260;3758;1640;53
P1840378.JPG;692;1451;915;1664;48
P1840378.JPG;701;1689;922;1903;61
P1840378.JPG;551;1513;614;1573;15
P1840379.JPG;628;1218;922;1498;48
P1840380.JPG;1493;1724;1862;2095;61
P1840382.JPG;2937;1397;3100;1561;20
P1840382.JPG;702;1740;806;1840;48
P1840382.JPG;697;1852;799;1952;61
P1840383.JPG;459;1658;592;1791;61
P1840383.JPG;469;1511;601;1643;48
P1840383.JPG;3832;810;4105;1087;20
P1840384.JPG;1061;1475;1334;1743;48
P1840384.JPG;1058;1781;1330;2046;61
P1840384.JPG;532;1786;608;1907;0
P1840385.JPG;1149;1628;1343;1816;29
P1840386.JPG;571;1247;870;1544;29
P1840387.JPG;1091;1121;1336;1366;22
P1840387.JPG;3577;922;3769;1110;26
P1840388.JPG;1309;1677;1483;1856;43
P1840388.JPG;2144;1839;2237;1943;48
P1840388.JPG;3060;1906;3169;2013;48
P1840388.JPG;3061;2026;3171;2133;61
P1840389.JPG;3260;1898;3394;2031;61
P1840389.JPG;2163;1840;2279;1963;61
P1840389.JPG;859;1461;1093;1701;43
P1840389.JPG;2164;1691;2280;1814;48
P1840389.JPG;3253;1754;3391;1889;48
P1840390.JPG;1151;1708;1364;1883;48
P1840391.JPG;203;1109;581;1490;48
P1840391.JPG;209;1520;580;1889;61
P1840392.JPG;2653;1622;2813;1784;61
P1840392.JPG;2660;1447;2819;1605;48
P1840393.JPG;3083;1684;3356;1951;61
P1840393.JPG;3093;1387;3365;1656;48
P1840394.JPG;1632;1069;1802;1242;42
P1840394.JPG;2984;1789;3125;1980;0
P1840395.JPG;2997;1718;3190;1989;0
P1840395.JPG;1212;716;1431;946;42
P1840396.JPG;3405;1021;3896;1697;0
P1840397.JPG;721;1991;1156;2430;61
P1840397.JPG;734;1527;1170;1958;48
P1840398.JPG;2786;1692;2972;1866;48
P1840398.JPG;2787;1885;2974;2068;61
P1840399.JPG;1816;1886;2223;2289;61
P1840399.JPG;1814;1481;2203;1858;48
P1840400.JPG;3112;1334;3346;1589;48
P1840400.JPG;3109;1611;3357;1867;61
P1840402.JPG;959;1831;1277;2147;61
P1840403.JPG;2884;1556;3201;1890;53
P1840404.JPG;1340;2117;1567;2344;61
P1840404.JPG;1330;1854;1553;2076;48
P1840405.JPG;663;1281;1147;1755;48
P1840405.JPG;663;1838;1156;2322;61
P1840406.JPG;1193;1755;1450;2006;61
P1840406.JPG;1178;1481;1439;1733;48
P1840407.JPG;2265;1510;2424;1713;56
P1840408.JPG;2183;1561;2425;1807;56
P1840408.JPG;864;1285;1018;1436;43
P1840408.JPG;2400;1774;2473;1863;61
P1840408.JPG;2391;1686;2463;1765;48
P1840409.JPG;2199;1618;2293;1729;48
P1840409.JPG;2214;1737;2309;1853;61
P1840409.JPG;2086;1601;2170;1685;44
P1840409.JPG;1195;995;1748;1521;56
P1840410.JPG;1420;1881;1700;2200;61
P1840410.JPG;1402;1446;1695;1743;48
P1840411.JPG;1342;2034;1459;2164;48
P1840411.JPG;2661;1831;2891;2056;48
P1840411.JPG;2674;2073;2896;2294;61
P1840411.JPG;1340;2175;1480;2309;61
P1840411.JPG;1911;1986;2017;2093;59
P1840412.JPG;1034;1364;1392;1711;59
P1840413.JPG;1494;1526;1580;1617;28
P1840413.JPG;1500;1360;1585;1478;43
P1840413.JPG;3419;962;3476;1082;13
P1840413.JPG;3680;911;3740;1035;13
P1840414.JPG;1450;1757;1536;1847;28
P1840414.JPG;3374;1200;3431;1320;13
P1840414.JPG;3634;1155;3697;1279;13
P1840414.JPG;1458;1589;1544;1706;43
P1840415.JPG;715;1530;1293;2092;61
P1840415.JPG;725;957;1244;1479;48
P1840424.JPG;979;1690;1173;1881;48
P1840424.JPG;977;1893;1172;2076;61
P1840426.JPG;866;1218;1078;1424;23
P1840426.JPG;3547;752;3660;872;15
P1840426.JPG;2616;1601;2728;1714;56
P1840427.JPG;930;1436;1260;1747;56
P1840429.JPG;1397;1878;1554;2036;61
P1840429.JPG;1410;1711;1561;1864;48
P1840429.JPG;1827;1402;1962;1533;14
P1840429.JPG;2924;1420;3059;1555;14
P1840431.JPG;2692;1730;3008;2044;61
P1840431.JPG;2691;1405;3007;1724;48
P1840432.JPG;3178;1410;3311;1584;0
P1840434.JPG;689;1188;1587;2105;61
P1840435.JPG;2584;1719;2736;1872;3
P1840436.JPG;2852;1570;3074;1791;3
P1840437.JPG;3014;1410;3335;1730;3
P1840438.JPG;1359;1623;1571;1845;30
P1840439.JPG;626;1395;985;1760;30
P1840440.JPG;1517;2035;1606;2127;48
P1840440.JPG;1517;2135;1607;2228;61
P1840440.JPG;414;2116;476;2179;20
P1840440.JPG;2227;2017;2273;2063;15
P1840441.JPG;1;1996;62;2074;20
P1840441.JPG;102;1965;149;2012;15
P1840441.JPG;2233;1851;2289;1908;15
P1840441.JPG;1352;1867;1463;1984;48
P1840441.JPG;1353;1997;1465;2115;61
P1840442.JPG;1193;1773;1357;1940;61
P1840442.JPG;1195;1590;1349;1755;48
P1840442.JPG;2377;1610;2447;1683;15
P1840443.JPG;2502;1394;2597;1490;15
P1840443.JPG;653;1513;939;1797;61
P1840443.JPG;658;1195;938;1477;48
P1840444.JPG;2351;1032;2596;1279;15
P1840445.JPG;954;1863;1058;1965;15
P1840445.JPG;2757;1858;2857;1958;15
P1840445.JPG;1290;1978;1451;2141;56
P1840446.JPG;673;1867;939;2135;56
P1840446.JPG;501;1874;632;2003;15
P1840446.JPG;2746;1863;2871;1985;15
P1840447.JPG;2476;1039;2657;1224;15
P1840447.JPG;1011;2211;1127;2331;61
P1840447.JPG;1014;2078;1127;2194;48
P1840448.JPG;2933;1;3245;267;15
P1840448.JPG;738;1785;890;1939;48
P1840448.JPG;732;1963;888;2119;61
P1840449.JPG;311;1719;564;1967;61
P1840449.JPG;314;1435;565;1683;48
P1840449.JPG;2883;1570;2934;1622;15
P1840450.JPG;1033;2245;1159;2373;48
P1840450.JPG;1030;2391;1155;2515;61
P1840450.JPG;1402;2458;1448;2525;0
P1840450.JPG;2988;2209;3069;2292;23
P1840451.JPG;3546;1792;3678;1927;23
P1840452.JPG;1141;1572;1267;1697;18
P1840453.JPG;960;1708;1144;1889;18
P1840454.JPG;576;1263;868;1548;18
P1840455.JPG;3142;1642;3343;1843;36
P1840456.JPG;3410;1568;3629;1793;36
P1840457.JPG;3415;1417;3793;1799;36
P1840458.JPG;4081;503;4429;852;5
P1840459.JPG;3335;775;3867;1328;36
P1840460.JPG;2773;1624;2868;1740;30
P1840460.JPG;106;1777;223;1894;61
P1840461.JPG;3219;1485;3351;1651;30
P1840462.JPG;2764;1636;3097;1969;56
P1840463.JPG;1929;1510;2116;1695;48
P1840463.JPG;1939;1716;2126;1897;61
P1840464.JPG;1258;1486;1515;1728;61
P1840464.JPG;1253;1207;1500;1450;48
P1840466.JPG;1715;1536;1857;1679;6
P1840467.JPG;2578;1430;2892;1767;6
P1840468.JPG;2805;1712;3018;1922;6
P1840469.JPG;3054;1573;3315;1832;6
P1840470.JPG;2093;1805;2210;1933;6
P1840470.JPG;4006;891;4450;1326;6
P1840471.JPG;3447;1155;3642;1350;6
P1840472.JPG;3472;1169;3707;1400;6
P1840473.JPG;3672;1010;3953;1287;6
P1840475.JPG;2904;1663;3149;1907;22
P1840476.JPG;2977;1362;3301;1681;22
P1840477.JPG;3290;1018;3745;1478;22
P1840478.JPG;1866;1858;2053;2050;61
P1840478.JPG;1901;1648;2082;1845;48
P1840479.JPG;1078;1315;1392;1636;61
P1840479.JPG;1121;969;1442;1289;48
P1840479.JPG;3096;1503;3204;1611;48
P1840479.JPG;3100;1630;3199;1729;61
P1840480.JPG;2858;1768;3077;1993;61
P1840480.JPG;2846;1510;3075;1735;48
P1840480.JPG;3943;1784;4030;1871;48
P1840480.JPG;3945;1886;4029;1973;61
P1840481.JPG;3351;1618;3732;1994;61
P1840481.JPG;3344;1183;3731;1559;48
P1840481.JPG;4346;1840;4456;1944;48
P1840482.JPG;2164;1846;2308;1994;14
P1840483.JPG;2249;1469;2498;1709;14
P1840484.JPG;1446;1593;1730;1876;57
P1840485.JPG;604;1425;974;1794;57
P1840486.JPG;1136;1129;1537;1550;23
P1840486.JPG;3833;2205;3961;2334;56
P1840487.JPG;879;1238;1343;1703;56
P1840488.JPG;1894;1888;1965;1960;14
P1840488.JPG;2481;1899;2558;1967;14
P1840488.JPG;1837;2107;1893;2167;48
P1840488.JPG;1831;2172;1884;2239;61
P1840489.JPG;1484;1736;1596;1853;14
P1840489.JPG;2408;1758;2515;1873;14
P1840490.JPG;1041;1624;1237;1821;14
P1840490.JPG;2646;1638;2837;1829;14
P1840491.JPG;2480;1474;2698;1699;14
P1840492.JPG;2395;1967;2546;2120;61
P1840492.JPG;2389;1797;2540;1947;48
P1840493.JPG;2639;1501;2870;1724;48
P1840493.JPG;2645;1764;2877;1987;61
P1840494.JPG;517;1054;816;1405;42
P1840494.JPG;3939;1275;4191;1571;42
P1840495.JPG;614;964;768;1206;42
P1840495.JPG;1873;936;2043;1179;42
P1840495.JPG;3415;1301;3531;1477;42
P1840496.JPG;324;370;1012;1083;59
P1840496.JPG;2319;1430;2732;1839;47
P1840497.JPG;1955;1939;2297;2282;61
P1840497.JPG;1954;1567;2284;1903;48
P1840498.JPG;1139;1544;1506;1953;61
P1840498.JPG;1153;1101;1535;1510;48
P1840498.JPG;3057;1102;3177;1212;29
P1840499.JPG;1145;1101;1522;1508;48
P1840499.JPG;1134;1543;1503;1959;61
P1840499.JPG;3041;1070;3158;1180;29
P1840500.JPG;1009;1452;1639;2167;61
P1840500.JPG;1014;698;1656;1394;48
P1840500.JPG;4321;527;4541;727;29
P1840501.JPG;923;1570;1077;1720;20
P1840502.JPG;709;1442;900;1627;20
P1840502.JPG;3780;1553;3856;1626;29
P1840503.JPG;2929;1591;3295;1952;20
P1840504.JPG;2222;934;2523;1228;15
P1840504.JPG;2533;2621;2643;2724;43
P1840505.JPG;2553;1272;2964;1681;43
P1840505.JPG;1630;2202;1733;2276;20
P1840505.JPG;2124;499;2378;747;15
P1840506.JPG;3354;1238;3613;1500;20
P1840506.JPG;2496;1957;2628;2087;34
P1840507.JPG;3110;1099;3467;1453;34
P1840507.JPG;1363;1994;1434;2064;34
P1840508.JPG;2604;1734;2778;1901;34
P1840510.JPG;3325;1150;3657;1483;34
P1840511.JPG;1305;1143;1418;1252;15
P1840511.JPG;3099;1640;3248;1873;0
P1840512.JPG;3476;1400;3700;1618;18
P1840513.JPG;4067;1481;4422;1821;18
P1840514.JPG;3257;1671;3467;1880;65
P1840515.JPG;3309;1657;3644;1990;65
P1840515.JPG;1800;2195;1852;2244;61
P1840516.JPG;1698;1842;1839;1978;61
P1840517.JPG;1184;1460;1377;1649;61
P1840518.JPG;1023;1452;1259;1684;61
P1840519.JPG;959;1375;1246;1621;30
P1840520.JPG;850;1157;1164;1434;30
P1840521.JPG;1334;1610;1558;1835;56
P1840521.JPG;598;1935;707;2043;56
P1840521.JPG;2069;1817;2120;1867;23
P1840521.JPG;2309;1774;2343;1805;30
P1840521.JPG;2354;1806;2387;1838;56
P1840522.JPG;543;1864;657;1977;56
P1840522.JPG;1240;1498;1491;1745;56
P1840522.JPG;2387;1744;2420;1776;56
P1840522.JPG;2094;1751;2146;1804;23
P1840522.JPG;2339;1710;2375;1742;30
P1840523.JPG;616;1375;776;1538;23
P1840523.JPG;1765;1503;1847;1573;30
P1840524.JPG;2767;1605;2877;1718;23
P1840524.JPG;2171;1831;2206;1866;15
P1840525.JPG;2948;1456;3077;1586;23
P1840525.JPG;2281;1743;2319;1779;15
P1840526.JPG;2200;1717;2244;1760;15
P1840526.JPG;3451;779;3747;1076;23
P1840527.JPG;1396;1093;1566;1258;15
P1840528.JPG;993;592;1210;810;15
P1840529.JPG;645;1459;965;1776;20
P1840529.JPG;966;1601;1052;1687;15
P1840529.JPG;2827;1680;2924;1774;15
P1840529.JPG;1982;2116;2127;2264;61
P1840529.JPG;1988;1949;2131;2097;48
P1840530.JPG;2437;1986;2602;2152;48
P1840530.JPG;2435;2171;2600;2338;61
P1840530.JPG;241;1240;700;1686;20
P1840530.JPG;1353;1638;1424;1733;15
P1840530.JPG;3377;1678;3485;1781;15
P1840531.JPG;1372;805;1551;996;15
P1840531.JPG;1625;1775;1729;1880;20
P1840531.JPG;3627;1756;4125;2253;61
P1840531.JPG;3639;1206;4138;1697;48
P1840531.JPG;3472;1915;3520;1961;15
P1840532.JPG;1786;1;2133;301;15
P1840532.JPG;2343;1961;2488;2104;20
P1840533.JPG;709;1625;874;1767;30
P1840533.JPG;1902;1918;1954;1972;24
P1840533.JPG;2884;1924;2937;1977;24
P1840534.JPG;2003;1609;2067;1675;24
P1840534.JPG;3207;1605;3274;1671;24
P1840535.JPG;1288;2024;1392;2128;24
P1840535.JPG;3184;1968;3288;2069;24
P1840536.JPG;1013;1516;1158;1659;24
P1840536.JPG;3556;1468;3695;1607;24
P1840537.JPG;456;1614;681;1832;24
P1840537.JPG;4335;1537;4551;1751;24
P1840538.JPG;1062;1698;1259;1891;46
P1840539.JPG;1048;1459;1306;1717;46
P1840540.JPG;628;1309;1014;1685;46
P1840541.JPG;1073;1834;1230;1991;24
P1840541.JPG;2904;1852;3061;2009;24
P1840542.JPG;711;1348;941;1574;24
P1840542.JPG;3394;1405;3627;1636;24
P1840543.JPG;2402;1094;2507;1200;15
P1840544.JPG;2158;1247;2291;1381;15
P1840545.JPG;1811;940;1993;1125;15
P1840546.JPG;1025;485;1349;805;15
P1840547.JPG;1168;1480;1305;1619;29
P1840547.JPG;2076;1582;2230;1738;56
P1840548.JPG;1086;1505;1369;1788;56
P1840548.JPG;1947;1858;1994;1902;30
P1840549.JPG;1727;2140;1781;2188;30
P1840549.JPG;355;1635;751;2033;56
P1840550.JPG;484;1752;624;1870;30
P1840551.JPG;247;2328;307;2484;9
P1840552.JPG;1671;1388;1844;1681;9
P1840552.JPG;3428;1248;3651;1516;9
P1840553.JPG;774;1458;1051;1731;56
P1840554.JPG;855;1431;1214;1799;56
P1840555.JPG;1339;1789;1464;1915;21
P1840556.JPG;1246;1553;1401;1706;21
P1840557.JPG;1006;1521;1205;1719;21
P1840558.JPG;432;1347;701;1612;21
P1840559.JPG;1584;1552;1767;1736;31
P1840559.JPG;2926;1325;3215;1609;48
P1840559.JPG;2945;1652;3247;1949;61
P1840559.JPG;3499;1766;3570;1837;24
P1840560.JPG;557;1375;827;1640;31
P1840560.JPG;3295;1803;3377;1885;24
P1840560.JPG;2527;1575;2950;1993;61
P1840560.JPG;2515;1124;2915;1522;48
P1840561.JPG;1921;1512;2126;1712;24
P1840562.JPG;1357;1075;1635;1356;24
P1840563.JPG;972;691;1373;1092;24
P1840564.JPG;1875;1404;2009;1540;61
P1840564.JPG;1876;1250;2011;1389;48
P1840565.JPG;2120;1178;2283;1341;48
P1840565.JPG;2118;1361;2274;1523;61
P1840566.JPG;2103;1685;2346;1927;61
P1840566.JPG;2098;1414;2343;1659;48
P1840567.JPG;2850;1184;3290;1627;48
P1840567.JPG;2842;1665;3279;2109;61
P1840568.JPG;2049;1877;2257;2089;47
P1840569.JPG;2425;1863;2682;2124;47
P1840570.JPG;2982;1322;3333;1676;47
P1840571.JPG;2712;1308;2809;1450;0
P1840572.JPG;2887;1348;3012;1527;0
P1840573.JPG;3180;1289;3356;1541;0
P1840574.JPG;1765;1556;1839;1631;15
P1840574.JPG;3502;1848;3555;1907;9
P1840574.JPG;656;1463;912;1715;47
P1840574.JPG;4121;1884;4185;1954;9
P1840575.JPG;2170;1457;2246;1546;9
P1840575.JPG;3275;1468;3381;1583;9
P1840575.JPG;210;1634;308;1734;2
P1840576.JPG;84;1723;193;1836;2
P1840576.JPG;2204;1570;2286;1664;9
P1840576.JPG;3453;1601;3572;1727;9
P1840577.JPG;2144;1593;2265;1715;15
P1840577.JPG;2792;2179;2936;2329;2
P1840578.JPG;2399;1403;2525;1541;9
P1840579.JPG;2441;782;2793;1175;9
P1840580.JPG;2438;712;2794;1107;9
P1840581.JPG;2225;1040;2485;1300;15
P1840582.JPG;2169;1336;2336;1501;15
P1840583.JPG;2224;1015;2492;1302;56
P1840584.JPG;2417;1530;2511;1631;56
P1840585.JPG;2499;1235;2699;1446;56
P1840586.JPG;1447;1701;1662;1915;36
P1840587.JPG;1438;1561;1667;1788;36
P1840588.JPG;1892;1473;2018;1607;36
P1840589.JPG;2028;1375;2162;1519;36
P1840590.JPG;1226;920;1538;1237;36
P1840591.JPG;9;2493;566;3037;36
P1840592.JPG;628;1369;783;1520;37
P1840593.JPG;846;1256;1034;1443;37
P1840593.JPG;399;1467;522;1596;36
P1840593.JPG;459;1622;516;1690;36
P1840594.JPG;875;1426;1224;1768;36
P1840594.JPG;2792;2029;2885;2119;36
P1840595.JPG;994;1554;1432;1995;61
P1840595.JPG;990;291;1156;459;29
P1840596.JPG;2293;1461;2417;1589;26
P1840596.JPG;3775;1755;3850;1836;42
P1840597.JPG;4006;1830;4092;1921;42
P1840597.JPG;2257;1428;2417;1592;26
P1840598.JPG;1;885;271;1181;26
P1840598.JPG;2700;1833;2820;1965;42
P1840599.JPG;999;873;1257;1200;42
P1840600.JPG;783;1336;1079;1629;20
P1840600.JPG;1182;1518;1502;1858;52
P1840601.JPG;528;862;1249;1562;52
P1840602.JPG;84;648;651;1262;59
P1840604.JPG;793;1128;1072;1400;19
P1840604.JPG;2789;1593;2854;1679;13
P1840605.JPG;2354;1490;2435;1596;13
P1840606.JPG;2475;1534;2585;1681;13
P1840607.JPG;2700;1326;2838;1511;13
P1840608.JPG;543;1450;691;1638;5
P1860035.JPG;1552;2591;1786;2831;5
P1860036.JPG;730;772;966;1009;5
P1860037.JPG;3664;876;3966;1197;28
P1860038.JPG;278;1077;582;1370;38
P1860039.JPG;1;957;464;1538;38
P1860039.JPG;3106;2049;3181;2146;38
P1860040.JPG;1109;1747;1372;2062;38
P1860041.JPG;1172;1302;1345;1534;28
P1860041.JPG;283;1472;384;1565;37
P1860042.JPG;447;1334;569;1445;37
P1860042.JPG;735;660;1078;1083;28
P1860043.JPG;1876;1453;2026;1661;38
P1860044.JPG;1159;1247;1478;1636;38
P1860045.JPG;1;356;668;1071;38
P1860045.JPG;1641;1759;1712;1843;18
P1860046.JPG;2541;1722;2691;1875;36
P1860046.JPG;3702;1888;3788;1970;36
P1860046.JPG;3597;1825;3665;1890;44
P1860046.JPG;3600;1901;3667;1963;18
P1860046.JPG;3836;1882;3889;1955;28
P1860047.JPG;1912;1778;2139;2009;36
P1860047.JPG;3217;1973;3298;2050;44
P1860048.JPG;2597;1707;2695;1801;44
P1860048.JPG;472;1312;859;1705;36
P1860048.JPG;2604;1815;2697;1909;18
P1860049.JPG;1071;1168;1316;1410;18
P1860049.JPG;1063;883;1314;1127;44
P1860049.JPG;1454;1138;1769;1449;36
P1860049.JPG;1929;1166;2113;1427;28
P1860051.JPG;1085;1429;1282;1674;38
P1860052.JPG;70;933;539;1453;38
P1860053.JPG;1298;1459;1472;1634;37
P1860054.JPG;1162;1047;1437;1321;37
P1860055.JPG;477;1280;644;1462;11
P1860056.JPG;3991;1548;4335;1917;11
P1860057.JPG;909;1654;1158;1902;37
P1860058.JPG;242;1399;543;1755;36
P1860059.JPG;1911;2163;2026;2278;36
P1860059.JPG;1566;1987;1743;2164;37
P1860059.JPG;2151;2077;2241;2169;47
P1860060.JPG;2063;1538;2177;1650;47
P1860060.JPG;2033;1747;2134;1849;37
P1860060.JPG;2158;1785;2236;1863;36
P1860060.JPG;2100;1738;2181;1849;50
P1860060.JPG;1590;1590;1763;1760;36
P1860060.JPG;539;1128;888;1474;37
P1860061.JPG;45;1061;509;1525;36
P1860061.JPG;2033;1797;2194;1962;37
P1860061.JPG;2155;1508;2321;1679;47
P1860061.JPG;2177;1811;2330;1971;50
P1860062.JPG;1972;1416;2252;1684;50
P1860062.JPG;1938;934;2209;1207;47
P1860062.JPG;1478;1329;1769;1622;37
P1860062.JPG;2417;1586;2586;1754;36
P1860064.JPG;789;1568;1038;1811;47
P1860064.JPG;1515;1878;1645;2010;21
P1860065.JPG;1135;1745;1280;1885;21
P1860065.JPG;230;1389;515;1662;47
P1860066.JPG;1214;2034;1349;2212;52
P1860066.JPG;1202;1725;1380;1901;47
P1860067.JPG;1292;1801;1415;1926;39
P1860067.JPG;510;1702;666;1859;21
P1860068.JPG;251;1300;520;1582;21
P1860068.JPG;2239;1637;2411;1810;39
P1860069.JPG;3019;2332;3267;2576;64
P1860069.JPG;246;2842;348;2932;38
P1860070.JPG;234;1926;591;2266;38
P1860070.JPG;2980;2251;3043;2308;47
P1860070.JPG;2992;2360;3030;2399;28
P1860071.JPG;1162;1887;1291;2014;28
P1860071.JPG;1228;1579;1410;1766;47
P1860071.JPG;1257;1892;1422;2077;54
P1860071.JPG;3181;2244;3217;2295;0
P1860072.JPG;813;2057;946;2202;48
P1860072.JPG;2855;1992;2938;2117;0
P1860073.JPG;3545;1732;3672;1924;0
P1860073.JPG;262;2156;501;2395;61
P1860073.JPG;277;1887;503;2123;48
P1860073.JPG;1111;2031;1173;2096;47
P1860073.JPG;1111;2138;1172;2203;52
P1860074.JPG;476;1670;727;1928;52
P1860074.JPG;491;1258;751;1518;47
P1860075.JPG;3002;984;3225;1211;8
P1860076.JPG;891;2029;1099;2239;61
P1860077.JPG;2450;1201;2654;1471;20
P1860078.JPG;463;2134;511;2184;28
P1860078.JPG;1035;2084;1099;2147;28
P1860078.JPG;1618;2123;1695;2212;28
P1860078.JPG;2730;2027;2869;2187;28
P1860078.JPG;2738;1815;2897;1974;20
P1860079.JPG;244;2191;298;2245;28
P1860079.JPG;883;2114;954;2187;28
P1860079.JPG;1594;2123;1687;2231;28
P1860079.JPG;3344;1887;3555;2117;28
P1860079.JPG;3355;1584;3584;1813;20
P1860080.JPG;1328;2184;1393;2248;28
P1860080.JPG;1942;2124;2029;2214;28
P1860080.JPG;3229;1822;3396;1987;28
P1860080.JPG;797;2341;873;2417;61
P1860081.JPG;2890;1974;3333;2417;61
P1860082.JPG;2578;1963;2647;2072;0
P1860082.JPG;297;1823;437;1960;29
P1860082.JPG;957;2005;1020;2085;29
P1860082.JPG;1192;1883;1268;1964;42
P1860083.JPG;1430;2000;1527;2106;42
P1860083.JPG;966;2139;1062;2258;29
P1860083.JPG;3387;2024;3493;2186;0
P1860084.JPG;2722;1639;2883;1799;20
P1860084.JPG;3345;2117;3390;2162;9
P1860085.JPG;2127;468;2302;643;15
P1860086.JPG;1306;2167;1428;2289;18
P1860086.JPG;1511;2129;1592;2293;38
P1860087.JPG;1356;1992;1476;2208;38
P1860087.JPG;1050;2030;1215;2194;18
P1860088.JPG;1881;2241;1931;2292;15
P1860088.JPG;2386;1693;2505;1814;15
P1860089.JPG;1860;2413;1921;2475;15
P1860089.JPG;2599;1367;2799;1564;15
P1860090.JPG;587;1744;677;1824;20
P1860090.JPG;2447;1822;2513;1907;0
P1860090.JPG;2134;1432;2238;1536;26
P1860091.JPG;3288;2113;3411;2275;0
P1860091.JPG;2597;1580;2761;1745;26
P1860092.JPG;3874;1021;4156;1298;26
P1860093.JPG;544;1322;689;1521;29
P1860093.JPG;3136;1278;3214;1356;16
P1860094.JPG;1818;1500;1891;1606;30
P1860094.JPG;1971;1547;2039;1613;33
P1860094.JPG;2692;1625;2730;1665;61
P1860094.JPG;2692;1578;2730;1618;48
P1860094.JPG;2626;1595;2653;1623;2
P1860095.JPG;1761;1468;1885;1664;30
P1860095.JPG;2604;1715;2656;1771;20
P1860095.JPG;2223;1653;2330;1761;33
P1860095.JPG;3072;1759;3102;1790;2
P1860095.JPG;3161;1729;3208;1778;48
P1860095.JPG;3161;1783;3209;1828;61
P1860096.JPG;3235;1802;3295;1862;61
P1860096.JPG;3233;1729;3295;1791;48
P1860096.JPG;3100;1800;3136;1837;2
P1860096.JPG;1396;1349;1623;1579;33
P1860096.JPG;2453;1683;2531;1740;20
P1860097.JPG;940;1324;1202;1515;20
P1860097.JPG;3138;1876;3195;1934;2
P1860097.JPG;3356;1694;3489;1824;48
P1860097.JPG;3354;1841;3486;1973;61
P1860098.JPG;3651;1774;3810;1931;61
P1860098.JPG;3646;1596;3807;1753;48
P1860098.JPG;3381;1838;3443;1899;2
P1860098.JPG;2169;1768;2274;1869;46
P1860098.JPG;152;1061;544;1448;20
P1860099.JPG;3348;1932;3434;2009;2
P1860099.JPG;1393;1722;1573;1899;46
P1860100.JPG;3332;1747;3491;1904;2
P1860100.JPG;3187;1878;3294;1988;2
P1860100.JPG;3241;2121;3280;2159;61
P1860100.JPG;3175;2157;3208;2187;48
P1860101.JPG;3648;1591;3967;1907;2
P1860101.JPG;3155;1959;3326;2128;2
P1860101.JPG;3070;2087;3181;2196;2
P1860101.JPG;3286;2211;3339;2290;0
P1860101.JPG;2935;2380;2968;2411;48
P1860101.JPG;3022;2338;3070;2387;61
P1860102.JPG;3892;1473;4104;1768;0
P1860103.JPG;2114;2129;2293;2313;61
P1860103.JPG;1652;2342;1736;2429;48
P1860103.JPG;1645;2439;1729;2525;61
P1860104.JPG;616;905;1185;1465;61
P1860105.JPG;539;1797;758;2012;61
P1860105.JPG;551;1566;766;1776;48
P1860106.JPG;3055;2187;3162;2295;2
P1860106.JPG;2049;2223;2146;2298;2
P1860106.JPG;2244;2068;2431;2257;46
P1860107.JPG;747;1826;1017;2097;46
P1860107.JPG;1906;2077;2037;2208;2
P1860107.JPG;3906;2024;4088;2204;2
P1860108.JPG;1081;1557;1329;1808;2
P1860108.JPG;3598;1574;3919;1891;2
P1860110.JPG;1003;1944;1130;2088;10
P1860110.JPG;1695;1991;1825;2119;48
P1860110.JPG;1696;2134;1827;2264;61
P1860111.JPG;608;1575;724;1690;10
P1860111.JPG;1303;1625;1395;1727;10
P1860112.JPG;1743;948;1938;1145;17
P1860112.JPG;2098;1000;2297;1198;12
P1860113.JPG;1859;204;2200;553;17
P1860113.JPG;2483;295;2824;644;12
P1860277.JPG;2000;1458;2082;1539;27
P1860277.JPG;3124;1450;3206;1531;27
P1860279.JPG;1940;1685;2024;1769;27
P1860279.JPG;3068;1687;3151;1768;27
P1860280.JPG;1898;1641;1978;1720;27
P1860331.JPG;864;636;1059;816;26
P1860332.JPG;2711;1119;2753;1152;30
P1860333.JPG;693;1108;869;1232;30
P1860337.JPG;1;834;344;1198;28
P1860337.JPG;3296;1;3572;262;15
P1860338.JPG;1;395;270;746;28
P1860338.JPG;445;758;758;1044;53
P1860338.JPG;1007;1122;1098;1234;5
P1860339.JPG;649;1025;857;1216;20
P1860339.JPG;1078;1375;1211;1503;61
P1860339.JPG;1079;1241;1210;1370;48
P1860339.JPG;1737;996;1817;1078;15
P1860340.JPG;1646;823;1776;944;15
P1860340.JPG;2605;1230;2702;1314;23
P1860340.JPG;584;1170;790;1366;48
P1860340.JPG;587;1384;792;1586;61
P1860342.JPG;924;1253;1168;1491;61
P1860342.JPG;909;998;1146;1238;48
P1860342.JPG;11;588;145;742;15
P1860342.JPG;2297;611;2472;763;15
P1860343.JPG;850;1161;957;1262;30
P1860343.JPG;1414;1300;1499;1386;23
P1860344.JPG;307;1257;516;1459;23
P1860345.JPG;792;943;1041;1189;48
P1860345.JPG;784;1204;1031;1444;61
P1860345.JPG;2668;628;2766;726;15
P1860347.JPG;618;1288;788;1429;30
P1860348.JPG;1407;1477;1661;1765;61
P1860348.JPG;1409;1153;1669;1442;48
P1860349.JPG;2241;1252;2421;1415;48
P1860349.JPG;2242;1481;2430;1644;61
P1860349.JPG;2313;791;2501;980;14
P1860349.JPG;3854;698;4040;884;14
P1860350.JPG;2419;1942;2550;2076;61
P1860351.JPG;2664;1944;2824;2104;61
P1860352.JPG;3117;2011;3369;2267;61
P1860353.JPG;1718;2425;1790;2509;61
P1860353.JPG;1719;2330;1795;2415;48
P1860354.JPG;1592;2068;1727;2214;48
P1860354.JPG;1591;2229;1722;2377;61
P1860355.JPG;1537;2171;1655;2293;61
P1860355.JPG;1540;2044;1659;2149;48
P1860355.JPG;1767;1686;1900;1818;14
P1860355.JPG;2849;1694;2983;1828;14
P1860356.JPG;1839;1559;2012;1735;14
P1860356.JPG;3264;1557;3441;1733;14
P1860356.JPG;1482;1999;1648;2140;48
P1860356.JPG;1477;2189;1647;2357;61
P1860357.JPG;2940;2310;3002;2370;14
P1860358.JPG;2825;2220;2913;2310;14
P1860359.JPG;3077;1491;3208;1620;14
P1860360.JPG;1579;2696;1700;2828;23
P1860361.JPG;907;1779;1127;1998;23
P1860363.JPG;992;1529;1167;1701;23
P1860364.JPG;1026;1282;1402;1669;23
P1860364.JPG;3315;831;3485;998;15
P1860365.JPG;2642;2146;2812;2313;61
P1860365.JPG;2650;1964;2816;2127;48
P1860366.JPG;2952;2018;3211;2275;48
P1860366.JPG;2947;2306;3201;2563;61
P1860368.JPG;3372;1646;3573;1864;48
P1860368.JPG;464;1545;745;1846;43
P1860369.JPG;3621;1222;3890;1525;48
P1860369.JPG;3616;1561;3886;1864;61
P1860370.JPG;1980;1464;2320;1800;43
P1860371.JPG;3551;1100;3898;1439;43
P1860371.JPG;1916;1992;2052;2124;3
P1860373.JPG;1718;922;1856;1066;15
P1860373.JPG;3188;1356;3274;1449;29
P1860392.JPG;2622;1297;2739;1467;0
P1860392.JPG;1605;925;1675;1006;15
P1860393.JPG;2801;1195;2967;1418;0
P1860393.JPG;1396;760;1499;859;15
P1860393.JPG;2315;1456;2402;1534;9
P1860394.JPG;2281;1113;2532;1348;9
P1860395.JPG;91;1386;343;1626;28
P1860395.JPG;837;1381;943;1495;28
P1860395.JPG;2703;1401;2774;1496;0
P1860396.JPG;1359;1625;1746;2011;61
P1860396.JPG;1372;1184;1754;1569;48
P1860397.JPG;1450;1558;2106;2229;61
P1860397.JPG;1463;818;2128;1476;48
P1860398.JPG;2327;836;2576;1082;14
P1860400.JPG;1166;1291;1453;1581;56
P1860401.JPG;741;1385;893;1524;30
P1860403.JPG;1068;1475;1285;1691;14
P1860403.JPG;2804;1462;3017;1675;14
P1860406.JPG;2612;1438;2768;1594;48
P1860406.JPG;2618;1613;2770;1769;61
P1860407.JPG;2685;1570;2934;1819;61
P1860407.JPG;2686;1289;2935;1539;48
P1860409.JPG;1698;1657;1831;1791;3
P1860410.JPG;1393;1647;1598;1847;3
P1860411.JPG;746;1585;1067;1910;3
P1860412.JPG;2652;1683;2801;1836;45
P1860413.JPG;2792;1818;2987;2017;45
P1860414.JPG;2799;1392;3079;1670;45
P1860415.JPG;3115;1260;3283;1502;0
P1860416.JPG;3812;773;4121;1242;0
P1860632.JPG;1344;1832;1609;2096;56
P1860632.JPG;204;1569;364;1729;43
P1860632.JPG;1943;1970;2026;2057;48
P1860632.JPG;1939;2067;2020;2155;61
P1860633.JPG;2373;2015;2463;2113;61
P1860633.JPG;2375;1910;2465;2007;48
P1860633.JPG;1495;1699;1821;2022;56
P1860634.JPG;1351;1900;1495;2046;48
P1860635.JPG;1466;2263;1623;2424;48
P1860635.JPG;490;1725;618;1854;29
P1860636.JPG;1090;2076;1269;2262;48
P1860637.JPG;793;1149;1359;1744;48
P1860637.JPG;819;1839;1384;2436;61
P1860639.JPG;500;1726;793;2019;1
P1860641.JPG;2313;1298;2541;1526;23
P1860641.JPG;312;1775;454;1908;48
P1860641.JPG;322;1934;446;2028;61
P1860641.JPG;3874;1945;3961;2027;36
P1860642.JPG;453;1215;771;1524;56
P1860642.JPG;1813;1544;1890;1620;53
P1860643.JPG;1058;1582;1221;1747;61
P1860643.JPG;1053;1392;1224;1565;48
P1860644.JPG;2584;1288;2795;1497;48
P1860644.JPG;2572;1516;2783;1727;61
P1860644.JPG;2000;1475;2092;1571;56
P1860645.JPG;865;933;1240;1302;56
P1860646.JPG;2536;1770;2694;1930;15
P1860647.JPG;2464;1560;2693;1786;48
P1860647.JPG;2456;1803;2686;2036;61
P1860649.JPG;1406;1212;1607;1444;56
P1860649.JPG;2389;1666;2439;1714;56
P1860650.JPG;2982;1768;3084;1874;56
P1860650.JPG;1518;1402;1689;1580;23
P1860650.JPG;3903;981;4008;1081;15
P1860651.JPG;1216;1239;1573;1617;56
P1860652.JPG;890;523;914;548;61
P1860652.JPG;888;492;915;517;48
P1860652.JPG;951;505;961;515;20
P1860652.JPG;1132;506;1144;516;20
P1860653.JPG;553;529;599;569;45
P1860653.JPG;558;488;600;523;39
P1860653.JPG;744;552;753;560;1
P1860654.JPG;851;424;866;438;45
P1860654.JPG;1141;416;1160;434;45
P1860655.JPG;831;493;857;517;33
P1860655.JPG;1268;503;1295;527;33
P1860656.JPG;857;561;878;581;23
P1860656.JPG;1217;563;1240;585;23
